	ID	Label	Area	cm2	Circ	Slice	AR	Round	Solidity	Mean.Green	Mean.Blue	Mean.Red
1	ID_01	0001-0747	22844	3.569375	0.7	1	1.1	0.9	0.9	135	118.3	153.4
2	ID_01	0002-0765	24426	3.8165625	0.6	1	1.1	0.9	0.9	131.2	115.5	149.3
3	ID_01	0003-0803	25849	4.03890625	0.6	1	1.2	0.8	0.9	128.6	110.9	146.9
4	ID_01	0004-0818	25241	3.94390625	0.6	1	1.2	0.9	0.9	126.3	109.8	144.4
5	ID_01	0005-1242	25038	3.9121875	0.6	1	1.1	0.9	0.9	103.4	102.2	112.1
6	ID_01	0006-1239	23002	3.5940625	0.7	1	1.1	0.9	0.9	104.2	107.1	111.7
7	ID_01	0007-1252	24799	3.87484375	0.7	1	1.1	0.9	0.9	106.6	104.6	115.7
8	ID_01	0008-1255	21627	3.37921875	0.7	1	1.1	0.9	0.9	103.8	108.5	110.2
9	ID_01	0009-1640	22181	3.46578125	0.7	1	1.1	0.9	0.9	118.7	97.3	153.6
10	ID_01	0010-1648	22755	3.55546875	0.7	1	1.1	0.9	0.9	115.7	94.3	148.1
11	ID_01	0011-1693	24385	3.81015625	0.7	1	1.1	0.9	0.9	114.4	92.3	148.7
12	ID_01	0012-1706	23726	3.7071875	0.6	1	1.1	0.9	0.9	113.7	92.2	149.8
13	ID_01	0013-2019	23666	3.6978125	0.7	1	1.1	0.9	0.9	128.5	47.2	147.1
14	ID_01	0014-2030	23300	3.640625	0.6	1	1.1	0.9	0.9	128.8	47.8	147.1
15	ID_01	0015-2042	23734	3.7084375	0.6	1	1.1	0.9	0.9	130.3	53.4	148.3
16	ID_01	0016-2043	23992	3.74875	0.7	1	1.1	0.9	0.9	131.5	48.2	150.5
49	ID_02	0001-0809	48070	7.5109375	0.5	1	3.7	0.3	0.9	22.7	18.2	27
50	ID_02	0002-0822	46835	7.31796875	0.4	1	3.8	0.3	0.9	20.4	16	24.7
51	ID_02	0003-0838	49770	7.7765625	0.5	1	3.7	0.3	1	21.9	17.5	26.2
52	ID_02	0004-0882	51008	7.97	0.5	1	3.4	0.3	1	25.5	20.6	29.9
53	ID_02	0005-1470	53561	8.36890625	0.5	1	3.4	0.3	0.9	28.9	25.6	33.6
54	ID_02	0006-1460	47344	7.3975	0.5	1	3.5	0.3	1	26.6	22.1	30.9
55	ID_02	0007-1473	46849	7.32015625	0.5	1	3.7	0.3	0.9	25.7	22	29.7
56	ID_02	0008-1538	47657	7.44640625	0.4	1	3.4	0.3	0.9	28.7	24.6	33
57	ID_02	0009-2101	47539	7.42796875	0.5	1	3.7	0.3	1	28.8	25.7	33
58	ID_02	0010-2125	49028	7.660625	0.5	1	3.3	0.3	1	29	26	33
59	ID_02	0011-2139	50027	7.81671875	0.5	1	3.5	0.3	1	32.8	30.4	37.9
60	ID_02	0012-2141	47460	7.415625	0.5	1	3.5	0.3	1	30.4	26.3	35
61	ID_02	0013-2688	46982	7.3409375	0.5	1	3.5	0.3	1	31.8	30	37
62	ID_02	0014-2755	50055	7.82109375	0.5	1	3.4	0.3	1	32.9	28.5	38.2
63	ID_02	0015-2766	51764	8.088125	0.4	1	3.4	0.3	0.9	26.4	21.9	30.6
64	ID_02	0016-2778	51711	8.07984375	0.5	1	3.5	0.3	0.9	28.5	24.2	33.3
97	ID_03	0001-0905	18794	2.9365625	0.7	1	1	1	1	19.9	11.9	102.1
98	ID_03	0002-0907	17932	2.801875	0.8	1	1	1	1	20	11.8	103.5
99	ID_03	0003-0967	18124	2.831875	0.7	1	1.1	0.9	1	21	12.5	103.4
100	ID_03	0004-0967	18988	2.966875	0.8	1	1	1	1	21.9	12.9	102.1
101	ID_03	0005-0987	18227	2.84796875	0.6	1	1.1	0.9	1	20.8	12.5	98.8
102	ID_03	0006-1280	18680	2.91875	0.7	1	1	1	0.9	19.8	11.3	97.3
103	ID_03	0007-1284	17124	2.675625	0.8	1	1.3	0.8	1	16.1	13.2	19.6
104	ID_03	0008-1306	18342	2.8659375	0.7	1	1.1	0.9	1	16.5	13.5	19.8
105	ID_03	0009-1316	19300	3.015625	0.7	1	1.1	0.9	1	18.2	14.4	22.8
106	ID_03	0010-1342	18832	2.9425	0.7	1	1.1	0.9	1	20.1	11.5	98.4
107	ID_03	0012-1620	17900	2.796875	0.8	1	1.1	0.9	1	16.2	13.3	19.5
108	ID_03	0013-1629	18084	2.825625	0.7	1	1.3	0.8	1	21.1	12.2	99.3
109	ID_03	0014-1673	18122	2.8315625	0.7	1	1	1	1	16.6	13.2	19.7
110	ID_03	0015-1679	18317	2.86203125	0.6	1	1	1	1	20.7	11.7	99.1
111	ID_03	0016-1679	18178	2.8403125	0.7	1	1.1	0.9	1	20.2	11.7	96.3
112	ID_03	0017-1942	18261	2.85328125	0.7	1	1.1	0.9	1	19.2	15	23
113	ID_03	0018-1975	18393	2.87390625	0.8	1	1	1	1	20.7	11.4	102.7
114	ID_03	0019-2025	19144	2.99125	0.7	1	1	1	1	22.6	13.1	99
115	ID_03	0020-2034	19677	3.07453125	0.7	1	1	1	1	21.4	12.5	101.1
116	ID_03	0021-2032	17362	2.7128125	0.8	1	1.3	0.7	1	20.9	11.9	100.8
157	ID_04	0001-1140	28645	4.47578125	0.7	1	1.8	0.6	1	93.4	54.5	149.2
158	ID_04	0002-1150	28461	4.44703125	0.7	1	1.7	0.6	1	102	53.4	157.2
159	ID_04	0003-1173	28246	4.4134375	0.7	1	1.7	0.6	1	90.9	54.2	151.1
160	ID_04	0004-1697	28526	4.4571875	0.7	1	1.7	0.6	1	103.8	57.3	153
161	ID_04	0005-1713	29007	4.53234375	0.7	1	1.8	0.6	1	92.6	53.4	151.9
162	ID_04	0006-1744	25820	4.034375	0.7	1	1.7	0.6	0.9	86.6	48.3	150.6
163	ID_04	0007-2200	27129	4.23890625	0.7	1	1.7	0.6	1	104.3	57.4	155.4
164	ID_04	0008-2203	25984	4.06	0.7	1	1.7	0.6	0.9	104	58.1	155.3
165	ID_04	0009-2216	25765	4.02578125	0.7	1	1.6	0.6	0.9	92.4	49.9	151.9
184	ID_05	0001-0860	22278	3.4809375	0.5	1	2.7	0.4	0.9	101.1	56.4	120.1
185	ID_05	0002-0882	24551	3.83609375	0.5	1	2.6	0.4	0.9	102.2	59.2	125.9
186	ID_05	0003-0886	25006	3.9071875	0.5	1	2.1	0.5	0.9	101.1	57.5	119
187	ID_05	0004-0887	22627	3.53546875	0.5	1	2.3	0.4	0.9	100.9	54.8	122.7
188	ID_05	0005-0909	22368	3.495	0.5	1	2.7	0.4	0.8	83.9	37.3	139.9
189	ID_05	0006-0960	22465	3.51015625	0.5	1	2.3	0.4	0.8	97.6	52.2	122
190	ID_05	0007-1020	22397	3.49953125	0.5	1	2.6	0.4	0.9	96.1	50.2	119.4
191	ID_05	0008-1366	23170	3.6203125	0.5	1	2.6	0.4	0.9	66.8	63.8	95.3
192	ID_05	0009-1375	23357	3.64953125	0.5	1	2.5	0.4	0.9	82.9	37.6	139.6
193	ID_05	0010-1391	20422	3.1909375	0.5	1	2.8	0.4	0.8	101.2	55.3	122.8
194	ID_05	0011-1436	22013	3.43953125	0.5	1	2.5	0.4	0.8	101.3	57.1	123
195	ID_05	0012-1460	20085	3.13828125	0.3	1	2.7	0.4	0.8	77.4	37.1	134.8
196	ID_05	0013-1471	23113	3.61140625	0.6	1	2.6	0.4	0.9	63.6	60.5	93.4
197	ID_05	0014-1471	22094	3.4521875	0.5	1	2.6	0.4	0.8	83.4	36.7	137.9
198	ID_05	0015-1805	22047	3.44484375	0.5	1	2.5	0.4	0.8	81.3	36.3	142.2
199	ID_05	0016-1824	23233	3.63015625	0.5	1	2.4	0.4	0.9	69.9	67.5	98.1
200	ID_05	0017-1834	23417	3.65890625	0.5	1	2.4	0.4	0.8	81.9	34.7	139.3
201	ID_05	0018-1873	23251	3.63296875	0.5	1	2.5	0.4	0.9	64.6	61.4	98.7
202	ID_05	0019-1894	22999	3.59359375	0.6	1	2.2	0.4	0.9	60.2	56.6	93.8
203	ID_05	0020-1933	22412	3.501875	0.5	1	2.7	0.4	0.9	81.8	38.5	134.9
204	ID_05	0021-1936	23573	3.68328125	0.6	1	2	0.5	0.9	65.9	64	94.7
205	ID_05	0022-2266	22590	3.5296875	0.5	1	2.2	0.5	0.8	67.6	63.6	100.6
206	ID_05	0023-2288	22901	3.57828125	0.5	1	2.7	0.4	0.8	98.4	52.4	120.1
207	ID_05	0024-2288	22245	3.47578125	0.5	1	2.6	0.4	0.9	64.2	62	95.4
208	ID_05	0025-2296	22581	3.52828125	0.5	1	2.5	0.4	0.9	83.6	36.4	142.2
209	ID_05	0026-2299	22024	3.44125	0.6	1	2.6	0.4	0.9	60.3	59.8	89.7
210	ID_05	0027-2283	21900	3.421875	0.6	1	2.1	0.5	0.9	62.7	58.8	97.4
211	ID_05	0028-2298	23553	3.68015625	0.5	1	2.2	0.5	0.8	100.8	56.4	121.9
268	ID_06	0001-1133	11415	1.78359375	0.7	1	1	1	0.9	157.9	145.8	174.7
269	ID_06	0002-1148	11789	1.84203125	0.8	1	1.1	0.9	1	156.5	145.2	173.3
270	ID_06	0003-1166	12488	1.95125	0.8	1	1	1	1	161.7	151	178.9
271	ID_06	0004-1545	1677	0.26203125	0.8	1	1.1	0.9	1	134.4	109.3	157.5
272	ID_06	0005-1603	12318	1.9246875	0.7	1	1	1	0.9	74.8	84.6	145.9
273	ID_06	0006-1616	11068	1.729375	0.7	1	1.1	0.9	0.9	67.6	78.4	139.2
274	ID_06	0007-1612	11301	1.76578125	0.7	1	1.1	0.9	0.9	72.3	85.9	148.9
275	ID_06	0008-2013	15672	2.44875	0.8	1	1.1	0.9	1	141.8	96.8	171.5
276	ID_06	0009-2016	12553	1.96140625	0.8	1	1.1	0.9	1	149.9	108.2	177.9
277	ID_06	0010-2020	11893	1.85828125	0.8	1	1.2	0.8	1	144.4	104.5	172.5
298	ID_07	0001-0770	57922	9.0503125	0.5	1	1.4	0.7	0.9	82.7	81.6	96.8
299	ID_07	0002-0790	58820	9.190625	0.5	1	1.5	0.7	0.9	85.4	84.3	100.8
300	ID_07	0003-0799	60278	9.4184375	0.6	1	1.4	0.7	0.9	88.4	88	104.3
301	ID_07	0004-1428	62462	9.7596875	0.6	1	1.4	0.7	0.9	86.1	85	99.2
302	ID_07	0005-1455	59294	9.2646875	0.5	1	1.4	0.7	0.9	86.5	85.6	101.1
303	ID_07	0006-1482	58544	9.1475	0.5	1	1.5	0.7	0.9	88.5	86.9	101.7
304	ID_07	0007-2189	60851	9.50796875	0.4	1	1.5	0.7	0.9	90.1	88.3	103
305	ID_07	0008-2198	62361	9.74390625	0.5	1	1.5	0.6	0.9	89.5	88.2	103.7
306	ID_07	0009-2260	60801	9.50015625	0.5	1	1.5	0.7	0.9	90.3	89.8	104
325	ID_08	0001-0832	21664	3.385	0.7	1	1.1	0.9	1	30.9	20.7	53.4
326	ID_08	0002-0868	19665	3.07265625	0.8	1	1.2	0.9	1	31.3	21.3	52.1
327	ID_08	0003-0875	19962	3.1190625	0.8	1	1	1	1	28.2	19	47.9
328	ID_08	0004-0881	19329	3.02015625	0.7	1	1.1	0.9	1	31.1	21	52.5
329	ID_08	0005-1180	15548	2.429375	0.7	1	1.3	0.8	1	31.9	21.1	52.9
330	ID_08	0006-1233	17489	2.73265625	0.8	1	1.2	0.8	1	35.5	24.5	57.1
331	ID_08	0007-1246	21306	3.3290625	0.8	1	1.1	0.9	1	32.7	22.2	52.7
332	ID_08	0008-1266	19046	2.9759375	0.7	1	1.1	0.9	1	33	23.1	53.9
333	ID_08	0009-1591	22676	3.543125	0.8	1	1	1	1	29.5	19.7	49.9
334	ID_08	0010-1599	20514	3.2053125	0.8	1	1.2	0.9	1	27.4	17.3	46.9
335	ID_08	0011-1612	21443	3.35046875	0.8	1	1	1	1	29.5	19.3	49.9
336	ID_08	0012-1619	19541	3.05328125	0.7	1	1.1	0.9	1	28.7	18.7	47.2
337	ID_08	0013-1976	20574	3.2146875	0.8	1	1.1	0.9	1	33	22	55.3
338	ID_08	0014-1989	20236	3.161875	0.9	1	1.1	0.9	1	29	18.8	50.3
339	ID_08	0015-2010	18539	2.89671875	0.7	1	1.1	0.9	1	32.8	21.3	54.5
340	ID_08	0016-2033	19641	3.06890625	0.8	1	1.1	0.9	1	30.9	20.6	51.6
373	ID_09	0001-0637	104855	16.38359375	0.6	1	2	0.5	1	159.1	42.2	179.7
374	ID_09	0002-0743	99261	15.50953125	0.7	1	1.7	0.6	1	155.5	40.9	175.6
375	ID_09	0004-1354	108967	17.02609375	0.8	1	1.5	0.7	1	155.3	40.3	174
376	ID_09	0005-1969	106658	16.6653125	0.6	1	2	0.5	1	156.8	40.6	175.2
377	ID_09	0006-2000	101547	15.86671875	0.6	1	2.1	0.5	0.9	155.8	40.9	173.8
388	ID_10	0001-1011	13843	2.16296875	0.4	1	1.2	0.8	0.9	87.2	107.3	57.2
389	ID_10	0002-1010	13038	2.0371875	0.5	1	1.2	0.8	0.9	83.4	100.4	55.9
390	ID_10	0003-1023	13714	2.1428125	0.4	1	1.1	0.9	0.9	127.3	37.8	146.9
391	ID_10	0004-1031	12049	1.88265625	0.5	1	1.1	0.9	0.9	85.2	98.6	61.7
392	ID_10	0005-1275	13907	2.17296875	0.3	1	1.2	0.9	0.9	85.3	107	55.1
393	ID_10	0006-1309	12759	1.99359375	0.4	1	1.2	0.8	0.9	74.4	65.7	142.7
394	ID_10	0007-1325	13369	2.08890625	0.5	1	1.1	0.9	0.9	85.7	102	58.7
395	ID_10	0008-1337	12535	1.95859375	0.4	1	1.3	0.8	0.9	79.5	72.7	145.6
396	ID_10	0009-1630	13405	2.09453125	0.4	1	1.1	0.9	0.9	118.2	40.6	99.2
397	ID_10	0010-1635	12138	1.8965625	0.4	1	1.2	0.9	0.9	71.9	63.9	137.4
398	ID_10	0011-1650	13117	2.04953125	0.5	1	1.1	0.9	0.9	125.7	36	144.1
399	ID_10	0012-1669	13077	2.04328125	0.4	1	1.2	0.9	0.9	47.6	43.5	64.9
400	ID_10	0013-1911	14201	2.21890625	0.6	1	1	1	1	52.4	49.1	69.9
401	ID_10	0014-1939	12639	1.97484375	0.4	1	1.1	0.9	0.9	85.8	101.5	58.3
402	ID_10	0015-1977	12128	1.895	0.5	1	1.2	0.9	0.9	77.2	69.2	142.4
403	ID_10	0016-1986	11228	1.754375	0.4	1	1.2	0.9	0.9	53.4	49.6	71.2
404	ID_10	0017-2223	13112	2.04875	0.5	1	1.1	0.9	0.9	51.4	48	68.1
405	ID_10	0018-2273	12417	1.94015625	0.4	1	1.2	0.8	0.9	79.2	70.1	143.2
406	ID_10	0019-2286	11966	1.8696875	0.4	1	1.2	0.8	0.9	53.1	48.9	70.1
407	ID_10	0020-2293	12943	2.02234375	0.4	1	1.2	0.8	0.9	111.7	40.1	95.8
448	ID_11	0001-0852	66394	10.3740625	0.1	1	1.5	0.7	0.7	49.7	60.9	49.1
449	ID_11	0002-0859	96275	15.04296875	0.3	1	1.3	0.8	1	66.9	58.9	77.3
450	ID_11	0009-1671	98644	15.413125	0.4	1	1.3	0.8	1	65	55.7	72.3
451	ID_11	0010-1677	89432	13.97375	0.2	1	1.4	0.7	1	69	58.3	71.3
460	ID_12	0001-1080	25571	3.99546875	0.5	1	1.2	0.8	0.9	125.2	43.1	133.7
461	ID_12	0002-1081	27907	4.36046875	0.6	1	1.1	0.9	0.9	65.5	63.7	112.9
462	ID_12	0003-1081	24488	3.82625	0.6	1	1.2	0.8	0.9	131.3	54.9	137.8
463	ID_12	0004-1125	24655	3.85234375	0.6	1	1.2	0.9	0.9	93.5	84.3	57.9
464	ID_12	0005-1462	23146	3.6165625	0.6	1	1.1	0.9	0.9	124.9	40.6	128.7
465	ID_12	0006-1482	23768	3.71375	0.7	1	1.2	0.9	1	96	87	56.3
466	ID_12	0007-1493	24049	3.75765625	0.6	1	1.2	0.9	0.9	123.5	43	126.7
467	ID_12	0008-1527	27746	4.3353125	0.7	1	1.2	0.9	0.9	93.5	84.2	57.1
468	ID_12	0009-1890	27073	4.23015625	0.6	1	1.2	0.9	0.9	96	85.5	61.3
469	ID_12	0010-1882	26034	4.0678125	0.6	1	1.2	0.8	0.9	128.7	42.5	138.7
470	ID_12	0011-1896	22494	3.5146875	0.7	1	1.2	0.8	1	124.7	42.2	125.6
471	ID_12	0012-1908	27294	4.2646875	0.6	1	1.1	0.9	0.9	126.2	51.6	131.5
472	ID_12	0013-2185	27048	4.22625	0.6	1	1.2	0.9	0.9	78.5	79.4	86.1
473	ID_12	0014-2197	25716	4.018125	0.6	1	1.1	0.9	0.9	67.5	64.7	110.4
474	ID_12	0015-2216	27634	4.3178125	0.7	1	1.1	0.9	0.9	89.8	78.9	52.7
475	ID_12	0016-2217	29296	4.5775	0.7	1	1.1	0.9	1	128	54.5	134.6
508	ID_13	0003-1020	20044	3.131875	0.7	1	1.6	0.6	0.9	87.9	25.7	148.4
509	ID_13	0004-1023	19053	2.97703125	0.6	1	1.5	0.7	0.9	114.1	29.2	148.9
510	ID_13	0005-1038	21346	3.3353125	0.6	1	1.5	0.6	0.9	89.1	29.9	145.9
511	ID_13	0006-1057	21444	3.350625	0.6	1	1.5	0.7	0.9	45.2	28.7	130.7
512	ID_13	0007-1080	18804	2.938125	0.5	1	1.5	0.7	0.9	114.8	57.2	147.1
513	ID_13	0008-1129	21362	3.3378125	0.5	1	1.5	0.6	0.9	49.7	33.5	130
514	ID_13	0009-1300	19046	2.9759375	0.6	1	1.5	0.7	0.9	42.5	26.8	129.7
515	ID_13	0010-1314	19580	3.059375	0.6	1	1.6	0.6	0.9	38.2	23.1	128.6
516	ID_13	0011-1332	21338	3.3340625	0.6	1	1.5	0.6	0.9	69.7	34.2	52.7
517	ID_13	0012-1337	19417	3.03390625	0.6	1	1.6	0.6	0.9	87.2	27.3	145.2
518	ID_13	0013-1375	18017	2.81515625	0.6	1	1.6	0.6	0.9	110.3	29.2	144.1
519	ID_13	0014-1442	22387	3.49796875	0.6	1	1.6	0.6	0.9	68.8	33.8	50.8
520	ID_13	0015-1652	19948	3.116875	0.6	1	1.6	0.6	0.9	41.1	25	128.7
521	ID_13	0016-1656	19608	3.06375	0.7	1	1.6	0.6	0.9	42	25.9	131.3
522	ID_13	0017-1663	18746	2.9290625	0.5	1	1.7	0.6	0.9	113.7	56.4	144.6
523	ID_13	0018-1654	19134	2.9896875	0.7	1	1.5	0.7	1	86	27.9	143.3
524	ID_13	0019-1665	17852	2.789375	0.6	1	1.5	0.6	0.9	117.3	59.4	148.6
525	ID_13	0020-1698	20860	3.259375	0.6	1	1.5	0.7	0.9	44	29.4	124.8
526	ID_13	0021-1920	19851	3.10171875	0.7	1	1.4	0.7	0.9	67.4	31.7	48.7
527	ID_13	0022-1934	18173	2.83953125	0.5	1	1.7	0.6	0.9	115.6	57.9	145.4
528	ID_13	0023-1957	19616	3.065	0.7	1	1.6	0.6	0.9	84.9	27.3	143
529	ID_13	0024-1975	18606	2.9071875	0.7	1	1.7	0.6	0.9	85.9	26.3	144.5
530	ID_13	0025-1986	20899	3.26546875	0.6	1	1.5	0.7	0.9	45.4	29.4	126.5
531	ID_13	0026-2061	21246	3.3196875	0.6	1	1.4	0.7	0.9	70.9	37.1	56.7
580	ID_14	0001-0723	10575	1.65234375	0.7	1	1.1	0.9	0.9	31.7	21.6	99.7
581	ID_14	0002-0731	10309	1.61078125	0.7	1	1.1	0.9	0.9	82.2	26.9	179.7
582	ID_14	0003-0750	11554	1.8053125	0.7	1	1.3	0.7	0.9	154.8	34.5	184.8
583	ID_14	0004-0803	9931	1.55171875	0.8	1	1.1	0.9	1	79.9	23.1	176.2
584	ID_14	0005-0808	10498	1.6403125	0.8	1	1.1	0.9	1	31.9	22.1	92
585	ID_14	0006-0925	10081	1.57515625	0.7	1	1.1	0.9	0.9	103.4	32.8	58
586	ID_14	0007-0966	11445	1.78828125	0.7	1	1.2	0.8	0.9	157.2	35.8	186.7
587	ID_14	0008-0969	11639	1.81859375	0.7	1	1.2	0.8	0.9	154.3	35.5	183.3
588	ID_14	0009-0978	9960	1.55625	0.7	1	1.1	0.9	0.9	78.8	23	178.2
589	ID_14	0010-1004	10292	1.608125	0.8	1	1	1	1	38	31.3	57.6
590	ID_14	0011-1124	10591	1.65484375	0.8	1	1.1	0.9	0.9	34.3	27.2	52
591	ID_14	0012-1165	11557	1.80578125	0.7	1	1.1	0.9	0.9	155.4	40.5	183
592	ID_14	0013-1167	10017	1.56515625	0.7	1	1.1	0.9	0.9	31.9	21.8	102.2
593	ID_14	0014-1173	10336	1.615	0.7	1	1	1	0.9	31.1	25	49.1
594	ID_14	0015-1189	9947	1.55421875	0.8	1	1.1	0.9	1	99.4	28	52.2
595	ID_14	0016-1317	11803	1.84421875	0.7	1	1.1	0.9	0.9	154.8	34.9	183.7
596	ID_14	0017-1321	11178	1.7465625	0.8	1	1.1	0.9	1	153.9	34.9	182.7
597	ID_14	0018-1356	11448	1.78875	0.8	1	1.2	0.9	1	157.4	35.2	184.5
598	ID_14	0019-1392	10553	1.64890625	0.8	1	1.2	0.9	1	35.7	28.6	52.9
599	ID_14	0020-1407	11909	1.86078125	0.7	1	1.2	0.8	0.9	153.1	35.9	181.1
600	ID_14	0021-1576	9626	1.5040625	0.7	1	1	1	0.9	106.4	33.3	59.1
601	ID_14	0022-1586	11614	1.8146875	0.8	1	1.1	0.9	1	154.1	35.9	181.3
602	ID_14	0023-1597	10404	1.625625	0.7	1	1.1	0.9	0.9	81.9	28.1	176.4
603	ID_14	0024-1609	11392	1.78	0.7	1	1.2	0.8	1	153.4	38.2	180.3
604	ID_14	0025-1630	10733	1.67703125	0.8	1	1.2	0.9	1	35.1	28.3	51.5
605	ID_14	0026-1875	11333	1.77078125	0.7	1	1.3	0.8	0.9	155.4	34.9	182.6
606	ID_14	0027-1896	11744	1.835	0.8	1	1.1	0.9	1	155.2	37	181
607	ID_14	0028-1912	10377	1.62140625	0.7	1	1.1	0.9	0.9	36	29.6	53.6
608	ID_14	0029-1913	10658	1.6653125	0.7	1	1.2	0.9	0.9	35.3	28.7	51.6
609	ID_14	0030-1943	9644	1.506875	0.7	1	1.1	0.9	0.9	102.1	26.5	48.4
670	ID_15	0001-0257	40022	6.2534375	0.3	1	4.5	0.2	0.9	89	46.8	151.6
671	ID_15	0002-0328	41368	6.46375	0.3	1	3.9	0.3	0.8	101.7	53.7	126
672	ID_15	0003-0374	39879	6.23109375	0.3	1	5.1	0.2	0.9	82.6	35.3	149.4
673	ID_15	0004-0415	40765	6.36953125	0.3	1	4.1	0.2	0.8	77.4	78.4	102.5
674	ID_15	0005-0950	38913	6.08015625	0.3	1	3.8	0.3	0.8	75.2	75.2	104.6
675	ID_15	0006-0981	46412	7.251875	0.4	1	3.6	0.3	0.8	84.5	38.4	146.8
676	ID_15	0007-1027	41296	6.4525	0.4	1	4.5	0.2	0.9	88.4	43.1	150
677	ID_15	0008-1045	43843	6.85046875	0.3	1	4.2	0.2	0.8	101.9	51.9	122.3
678	ID_15	0009-1544	35281	5.51265625	0.4	1	4	0.2	0.8	101.2	49.1	124.7
679	ID_15	0010-1633	43923	6.86296875	0.4	1	4.3	0.2	0.9	86.6	40.3	148.5
680	ID_15	0011-1657	42066	6.5728125	0.4	1	4.4	0.2	0.9	73.9	72.4	99.7
681	ID_15	0012-1673	40579	6.34046875	0.4	1	4.6	0.2	0.8	72.6	72.7	97.3
682	ID_15	0013-2212	45469	7.10453125	0.3	1	4.3	0.2	0.9	79.9	73.9	109.8
683	ID_15	0014-2248	43001	6.71890625	0.3	1	4.1	0.2	0.8	91.7	42.7	148.1
684	ID_15	0015-2266	44506	6.9540625	0.4	1	4.2	0.2	0.8	78.3	76.7	106.9
685	ID_15	0016-2303	41318	6.4559375	0.3	1	3.9	0.3	0.8	86.1	40.8	145.5
718	ID_16	0001-0675	9893	1.54578125	0.6	1	1	1	0.9	66.1	23.1	166.5
719	ID_16	0002-0685	9923	1.55046875	0.7	1	1	1	1	34.4	26.1	55.4
720	ID_16	0003-0740	9553	1.49265625	0.6	1	1	1	1	65.1	22.3	166.2
721	ID_16	0004-0742	9740	1.521875	0.7	1	1	1	1	140.4	26.2	170.1
722	ID_16	0005-0768	9790	1.5296875	0.6	1	1	1	0.9	69	24.6	164
723	ID_16	0006-0916	9747	1.52296875	0.8	1	1.1	1	1	149.4	24.3	178.7
724	ID_16	0007-0923	9649	1.50765625	0.8	1	1	1	1	63.6	22	165.2
725	ID_16	0008-0949	9772	1.526875	0.7	1	1	1	1	149.1	27.7	177.5
726	ID_16	0009-0958	9790	1.5296875	0.7	1	1	1	1	33.6	23.6	58.7
727	ID_16	0010-0986	9606	1.5009375	0.7	1	1	1	1	149.3	25.5	177.5
728	ID_16	0011-1090	9856	1.54	0.8	1	1	1	1	72.4	23.5	171.2
729	ID_16	0012-1095	9615	1.50234375	0.7	1	1	1	1	29.7	21.5	50.9
730	ID_16	0013-1136	9775	1.52734375	0.8	1	1	1	1	66.2	21	167.8
731	ID_16	0014-1164	9298	1.4528125	0.7	1	1	1	1	61.8	22.2	159.9
732	ID_16	0015-1180	9796	1.530625	0.7	1	1	1	1	67.7	23.2	165
733	ID_16	0016-1331	9584	1.4975	0.8	1	1	1	1	148.9	25.9	176.9
734	ID_16	0017-1343	9926	1.5509375	0.7	1	1	1	1	153.2	25.4	181.6
735	ID_16	0018-1372	9762	1.5253125	0.8	1	1.1	1	1	33.6	24.8	54.8
736	ID_16	0019-1389	9647	1.50734375	0.7	1	1.1	0.9	1	32.4	23.8	52.5
737	ID_16	0020-1391	9495	1.48359375	0.6	1	1	1	1	33.4	23.8	58.6
738	ID_16	0021-1547	9489	1.48265625	0.8	1	1	1	1	59.6	20	162
739	ID_16	0022-1576	9431	1.47359375	0.8	1	1	1	1	70.5	22.8	167.2
740	ID_16	0023-1579	9443	1.47546875	0.7	1	1	1	1	65.6	21.7	164
741	ID_16	0024-1590	9474	1.4803125	0.7	1	1	1	1	31.2	22.5	53.8
742	ID_16	0025-1590	9288	1.45125	0.6	1	1	1	1	32.4	22.3	59.5
743	ID_16	0026-1777	9751	1.52359375	0.7	1	1	1	1	31.5	23	52.7
744	ID_16	0027-1784	9847	1.53859375	0.7	1	1	1	1	156.9	30.2	182.8
745	ID_16	0028-1801	9453	1.47703125	0.6	1	1	1	1	27.2	20.2	45.2
746	ID_16	0029-1803	9722	1.5190625	0.7	1	1	1	1	70	24.1	164.5
747	ID_16	0030-1839	9357	1.46203125	0.7	1	1	1	1	141.8	25.3	170.1
748	ID_16	0031-1966	9414	1.4709375	0.8	1	1	1	1	158.6	27.8	184.7
749	ID_16	0032-1992	9777	1.52765625	0.7	1	1	1	1	155.9	26.5	183
750	ID_16	0033-1994	9755	1.52421875	0.8	1	1	1	1	66.7	22	164.3
751	ID_16	0034-2041	9520	1.4875	0.7	1	1	1	1	67	22.4	165.3
752	ID_16	0035-2044	9717	1.51828125	0.6	1	1.1	0.9	1	69.4	24.3	167.6
753	ID_16	0036-2169	9563	1.49421875	0.7	1	1	1	1	32.1	23.2	55.5
754	ID_16	0037-2180	9772	1.526875	0.7	1	1	1	1	63.2	20.9	165.2
755	ID_16	0038-2231	9449	1.47640625	0.7	1	1	1	1	35.8	25.3	60.9
756	ID_16	0039-2249	9762	1.5253125	0.7	1	1.1	1	1	60.3	21.1	158.9
757	ID_16	0040-2257	9876	1.543125	0.7	1	1.1	0.9	1	37.3	27.3	60.2
758	ID_16	0041-2422	9612	1.501875	0.7	1	1	1	1	64.7	22	164.3
759	ID_16	0042-2461	9631	1.50484375	0.7	1	1	1	1	33.5	23.4	57.9
760	ID_16	0043-2466	9522	1.4878125	0.7	1	1	1	1	35.3	24.7	58.2
761	ID_16	0044-2478	9910	1.5484375	0.7	1	1.1	0.9	1	36	25.8	60.8
762	ID_16	0045-2499	9975	1.55859375	0.8	1	1.1	0.9	1	33.7	24.6	53.9
763	ID_16	0046-2701	9939	1.55296875	0.8	1	1	1	1	67.7	22.6	167.3
764	ID_16	0047-2714	9882	1.5440625	0.6	1	1	1	0.9	67.5	24.7	162.7
765	ID_16	0048-2715	9560	1.49375	0.7	1	1	1	1	150.8	27.2	178.4
766	ID_16	0049-2727	9646	1.5071875	0.7	1	1	1	1	145.9	25.8	175
767	ID_16	0050-2735	10006	1.5634375	0.7	1	1	1	1	65.4	24.1	161.1
868	ID_17	0001-0523	169016	26.40875	0.4	1	2.7	0.4	0.9	107	48.7	151.7
869	ID_17	0002-0581	175820	27.471875	0.3	1	2.6	0.4	0.9	105.6	50.1	149.2
870	ID_17	0003-0558	161190	25.1859375	0.3	1	2	0.5	0.9	105.6	53.9	148.2
871	ID_17	0007-1413	152931	23.89546875	0.5	1	2.4	0.4	0.9	102.9	51.8	144.2
872	ID_17	0008-1408	158193	24.71765625	0.4	1	2.3	0.4	0.9	107.2	49.6	149
873	ID_17	0009-1473	166197	25.96828125	0.4	1	2.4	0.4	0.9	107.5	50.6	150
874	ID_17	0010-2228	165885	25.91953125	0.3	1	2.9	0.3	0.9	107.6	54.3	146.3
875	ID_17	0011-2296	147641	23.06890625	0.4	1	2.6	0.4	0.9	103.2	52.3	142.1
876	ID_17	0012-2315	157998	24.6871875	0.4	1	2.4	0.4	0.9	101.9	52.6	142.7
895	ID_18	0001-0935	13796	2.155625	0.8	1	1.2	0.8	1	28.6	19.2	48.1
896	ID_18	0002-0932	8494	1.3271875	0.8	1	1.3	0.8	1	29.4	20	48.4
897	ID_18	0003-0932	8798	1.3746875	0.8	1	1.2	0.8	1	33.1	22.4	53.4
898	ID_18	0004-0948	13743	2.14734375	0.7	1	1.3	0.8	1	27.7	18.9	46.8
899	ID_18	0005-1198	9495	1.48359375	0.7	1	1.2	0.8	1	27.5	18.1	46.2
900	ID_18	0006-1197	8129	1.27015625	0.8	1	1.3	0.8	1	27.6	17.7	45.9
901	ID_18	0007-1208	7744	1.21	0.8	1	1.5	0.7	1	29.5	19.9	48.8
902	ID_18	0008-1215	8916	1.393125	0.8	1	1.3	0.8	1	29.9	20.3	48.8
903	ID_18	0009-1525	11978	1.8715625	0.8	1	1.1	0.9	1	30.7	20.6	49.4
904	ID_18	0010-1522	10683	1.66921875	0.8	1	1.1	0.9	1	27.6	18	46.1
905	ID_18	0011-1548	9140	1.428125	0.8	1	1.4	0.7	1	30.4	20.4	49.9
906	ID_18	0012-1554	9389	1.46703125	0.7	1	1.6	0.6	1	29.2	18.9	47
907	ID_18	0013-1830	8679	1.35609375	0.8	1	1.7	0.6	1	30	20.4	48.7
908	ID_18	0014-1835	8809	1.37640625	0.8	1	1.1	0.9	1	23.2	15.8	34.9
909	ID_18	0015-1835	6155	0.96171875	0.8	1	1.4	0.7	1	32.4	21.5	51.5
910	ID_18	0016-1868	7823	1.22234375	0.9	1	1.2	0.8	1	29.2	19.4	46.6
943	ID_19	0001-0724	74064	11.5725	0.4	1	2	0.5	0.9	100.2	45	162.5
944	ID_19	0002-0716	67195	10.49921875	0.5	1	2	0.5	0.9	106.4	45	172
945	ID_19	0003-0750	73060	11.415625	0.5	1	2	0.5	0.9	101.2	42	165.9
946	ID_19	0005-1395	62991	9.84234375	0.5	1	2.1	0.5	0.9	106.1	42.4	172
947	ID_19	0006-1432	67796	10.593125	0.5	1	2	0.5	0.9	96.3	38	160.6
948	ID_19	0009-2054	75557	11.80578125	0.4	1	2	0.5	0.9	98.6	41.1	160.1
949	ID_19	0010-2067	71573	11.18328125	0.5	1	2	0.5	0.9	98.9	40.9	160
950	ID_19	0011-2091	65902	10.2971875	0.5	1	2.1	0.5	0.9	104.3	41	170
967	ID_20	0001-0875	9009	1.40765625	0.8	1	1.4	0.7	1	20	16.8	69.7
968	ID_20	0002-0927	9328	1.4575	0.7	1	1.4	0.7	1	19.4	16	69.5
969	ID_20	0003-0985	10918	1.7059375	0.5	1	1.3	0.8	0.9	53	23.5	154.4
970	ID_20	0004-0989	10251	1.60171875	0.6	1	1.4	0.7	0.9	39.9	27.5	144.9
971	ID_20	0005-1000	11099	1.73421875	0.6	1	1.2	0.8	0.9	53.8	21	157.8
972	ID_20	0006-1156	9139	1.42796875	0.8	1	1.4	0.7	1	69.5	22.6	31.5
973	ID_20	0007-1172	9435	1.47421875	0.8	1	1.3	0.7	1	18.1	15.2	64.1
974	ID_20	0008-1183	8676	1.355625	0.8	1	1.5	0.7	1	61	18.4	27.3
975	ID_20	0009-1193	9330	1.4578125	0.8	1	1.4	0.7	1	20	16.6	64.1
976	ID_20	0010-1217	10736	1.6775	0.6	1	1.2	0.9	0.9	36.2	23.3	139.5
977	ID_20	0011-1398	8939	1.39671875	0.8	1	1.4	0.7	1	20.2	16.5	68.7
978	ID_20	0012-1438	11164	1.744375	0.5	1	1.2	0.8	0.9	52.8	22.4	154.5
979	ID_20	0013-1437	10116	1.580625	0.6	1	1.4	0.7	0.9	54.3	19.6	156.2
980	ID_20	0014-1456	9920	1.55	0.7	1	1.3	0.8	1	18.3	13.8	65.5
981	ID_20	0015-1456	9327	1.45734375	0.7	1	1.3	0.7	0.9	35	22.5	139.7
982	ID_20	0016-1611	11713	1.83015625	0.5	1	1.2	0.9	0.9	54	22.9	155.1
983	ID_20	0017-1647	10947	1.71046875	0.6	1	1.2	0.8	0.9	38.9	26.7	138.5
984	ID_20	0018-1652	11731	1.83296875	0.5	1	1.2	0.8	0.9	126.2	21.2	164.8
985	ID_20	0019-1658	10054	1.5709375	0.8	1	1.4	0.7	1	47.5	80.2	26.4
986	ID_20	0020-1671	8715	1.36171875	0.9	1	1.4	0.7	1	57	84.5	25.1
987	ID_20	0021-1900	13184	2.06	0.5	1	1.2	0.9	0.9	38.5	26.4	137.3
988	ID_20	0022-1913	10698	1.6715625	0.6	1	1.2	0.8	0.9	51.4	21.2	152.8
989	ID_20	0023-1917	10126	1.5821875	0.9	1	1.3	0.8	1	19.4	17	61.9
990	ID_20	0024-1935	9056	1.415	0.8	1	1.4	0.7	1	70.6	22.8	34.6
991	ID_20	0025-1953	9175	1.43359375	0.8	1	1.4	0.7	1	51.6	79.5	26.8
1042	ID_21	0076-0477	338967	52.96359375	0.4	1	1.5	0.7	1	79.2	33.4	190.3
1043	ID_21	0077-0461	313341	48.95953125	0.3	1	1.5	0.7	0.9	74.3	29.3	184.3
1044	ID_21	0078-0464	261994	40.9365625	0.3	1	1.4	0.7	1	72.9	29.9	174
1045	ID_21	0079-1373	299559	46.80609375	0.3	1	1.3	0.7	0.9	75.2	31.9	177.3
1046	ID_21	0080-1402	312643	48.85046875	0.4	1	1.4	0.7	1	73.7	28.9	182.4
1047	ID_21	0081-1405	290831	45.44234375	0.5	1	1.5	0.7	0.9	72.1	27.8	179.3
1048	ID_21	0082-2302	279150	43.6171875	0.4	1	1.3	0.8	0.9	70.9	31.6	165.7
1049	ID_21	0083-2330	314349	49.11703125	0.3	1	1.4	0.7	0.9	73.8	29.8	178.3
1050	ID_21	0084-2405	251331	39.27046875	0.3	1	1.2	0.8	0.9	75.6	33.5	171.2
1069	ID_22	0001-0222	31259	4.88421875	0.7	1	1.5	0.7	0.9	72.6	95.8	41
1070	ID_22	0002-0227	26340	4.115625	0.6	1	1.7	0.6	0.9	135.4	62.1	154.9
1071	ID_22	0003-0290	33448	5.22625	0.7	1	1.4	0.7	1	67.6	92.8	40.1
1072	ID_22	0004-0560	796	0.124375	0.3	1	2.8	0.4	0.7	129.1	120.6	146.4
1073	ID_22	0005-0635	17675	2.76171875	0.7	1	1.1	0.9	0.9	131.5	59.8	140.6
1074	ID_22	0006-0588	264	0.04125	0.3	1	1.8	0.6	0.5	155.1	145.9	181.2
1075	ID_22	0007-0694	24925	3.89453125	0.5	1	1.6	0.6	0.9	145.3	138.6	162.3
1076	ID_22	0008-0602	338	0.0528125	0.4	1	1.9	0.5	0.7	142.3	133.9	162.9
1077	ID_22	0009-0676	2766	0.4321875	0.1	1	2	0.5	0.3	131.5	120.2	150
1078	ID_22	0010-0645	137	0.02140625	0.7	1	1.2	0.9	0.8	107.7	93.9	119.3
1079	ID_22	0011-0702	865	0.13515625	0.1	1	4.9	0.2	0.3	80.4	60.5	99.6
1080	ID_22	0012-0677	196	0.030625	0.3	1	2.2	0.5	0.5	115.5	104.2	126.1
1081	ID_22	0013-0690	199	0.03109375	0.3	1	4.2	0.2	0.6	155.6	143.2	177
1082	ID_22	0014-0731	115	0.01796875	0.3	1	4.6	0.2	0.6	103.1	100.7	111.8
1083	ID_22	0015-1014	29300	4.578125	0.8	1	1.4	0.7	1	63	45.8	135.7
1084	ID_22	0016-1076	27750	4.3359375	0.6	1	1.4	0.7	0.9	127.5	58	141.5
1085	ID_22	0017-1102	34379	5.37171875	0.8	1	1.3	0.8	1	64.3	50.2	121.5
1086	ID_22	0018-1511	26832	4.1925	0.7	1	1.4	0.7	0.9	72.8	107.6	37.1
1087	ID_22	0019-1578	28058	4.3840625	0.8	1	1.4	0.7	1	61.6	47.5	124.9
1088	ID_22	0020-1602	27594	4.3115625	0.7	1	1.3	0.8	1	141.8	135.1	154.2
1129	ID_23	0001-1274	120925	18.89453125	0.1	1	12.7	0.1	0.8	28	20.5	93.3
1130	ID_23	0002-1292	119368	18.65125	0.1	1	12.6	0.1	0.7	29.8	21.8	95.2
1131	ID_23	0003-1298	115035	17.97421875	0.1	1	13	0.1	0.8	29.2	21	94.7
1132	ID_23	0004-1324	119028	18.598125	0.2	1	13.4	0.1	0.7	26.7	19.6	94.2
1133	ID_23	0005-1312	114697	17.92140625	0.1	1	13.1	0.1	0.7	26.1	19	91.7
1134	ID_23	0006-1343	117653	18.38328125	0.2	1	13.4	0.1	0.8	27.1	20	93.5
1147	ID_24	0001-0089	964	0.150625	0.7	1	1.2	0.9	0.9	78.9	64.4	154.9
1148	ID_24	0002-0105	1577	0.24640625	0.7	1	1	1	0.9	140	43.7	160.2
1149	ID_24	0003-0103	1346	0.2103125	0.7	1	1.2	0.8	0.9	73.5	57.3	149.6
1150	ID_24	0004-0136	1716	0.268125	0.6	1	1.2	0.8	0.9	75.4	60.7	152.4
1151	ID_24	0005-0144	1485	0.23203125	0.8	1	1.1	0.9	0.9	89.6	38.6	39.3
1152	ID_24	0006-0221	1317	0.20578125	0.7	1	1.2	0.8	0.9	88.8	37.9	154.5
1153	ID_24	0007-0255	1455	0.22734375	0.8	1	1.1	0.9	0.9	82	32.7	158.8
1154	ID_24	0008-0345	1248	0.195	0.7	1	1.1	1	0.9	38.8	34.8	67.7
1155	ID_24	0009-0360	1728	0.27	0.8	1	1.2	0.9	0.9	38.4	35.2	67.6
1156	ID_24	0010-0376	1677	0.26203125	0.7	1	1.3	0.8	0.9	74.2	58.7	150.9
1157	ID_24	0011-0451	2098	0.3278125	0.6	1	1.2	0.9	0.9	140.5	43.4	160.8
1158	ID_24	0012-0474	4667	0.72921875	0.6	1	1.2	0.8	0.9	81.6	29.1	167.4
1159	ID_24	0013-0529	1126	0.1759375	0.8	1	1	1	0.9	81.6	33.8	39
1160	ID_24	0014-0541	783	0.12234375	0.7	1	1.1	0.9	0.9	86.9	69.7	146.2
1161	ID_24	0015-0578	810	0.1265625	0.8	1	1.4	0.7	0.9	96.3	39.1	43.9
1162	ID_24	0016-0612	937	0.14640625	0.8	1	1.2	0.8	0.9	134.8	47.8	153.8
1163	ID_24	0017-0677	1305	0.20390625	0.7	1	1.5	0.7	0.9	143.1	55.6	160.6
1164	ID_24	0018-0750	1504	0.235	0.5	1	1.4	0.7	0.9	40.5	35.7	65.5
1165	ID_24	0019-0749	2180	0.340625	0.5	1	1.1	0.9	0.9	88.6	35.3	161
1166	ID_24	0020-0765	2595	0.40546875	0.5	1	1.2	0.8	0.9	79.4	28.8	158.5
1167	ID_24	0021-0828	574	0.0896875	0.9	1	1.2	0.8	0.9	106.2	43.5	52.7
1168	ID_24	0022-0873	2417	0.37765625	0.5	1	1.3	0.8	0.9	87.1	34	164.3
1169	ID_24	0023-0874	809	0.12640625	0.6	1	1.1	0.9	0.9	103	51.3	65
1170	ID_24	0024-0885	1393	0.21765625	0.7	1	1.3	0.8	0.9	92.6	39	41.3
1171	ID_24	0025-0915	1919	0.29984375	0.7	1	1.4	0.7	0.9	84.8	33	158.3
1172	ID_24	0026-0965	1749	0.27328125	0.8	1	1.1	0.9	0.9	38.3	34.8	63.9
1173	ID_24	0027-1024	2812	0.439375	0.7	1	1.1	0.9	0.9	41.4	38.3	64
1174	ID_24	0028-1047	2540	0.396875	0.7	1	1.4	0.7	0.9	37.8	34.1	64.8
1175	ID_24	0029-1040	972	0.151875	0.6	1	1.2	0.8	0.9	77.1	59	144.2
1176	ID_24	0030-1064	1108	0.173125	0.8	1	1.2	0.8	0.9	78.3	61.8	151.6
1177	ID_24	0031-1183	1345	0.21015625	0.7	1	1.3	0.8	0.9	86.3	38.7	153.7
1178	ID_24	0032-1214	1751	0.27359375	0.6	1	1.4	0.7	0.9	139.5	43.6	159.2
1179	ID_24	0033-1220	1549	0.24203125	0.8	1	1.1	0.9	0.9	38.6	35.8	63.4
1180	ID_24	0034-1243	2703	0.42234375	0.5	1	1.1	0.9	0.9	141.9	44.4	161.6
1181	ID_24	0035-1245	2430	0.3796875	0.6	1	1.1	0.9	0.9	38.5	37	65.8
1182	ID_24	0036-1371	1519	0.23734375	0.8	1	1.2	0.8	0.9	41.2	36.6	66.4
1183	ID_24	0037-1387	1947	0.30421875	0.6	1	1.4	0.7	0.9	43.8	38.1	73.1
1184	ID_24	0038-1403	922	0.1440625	0.8	1	1.2	0.8	0.9	42.6	37.2	70.3
1185	ID_24	0039-1408	1291	0.20171875	0.6	1	1.5	0.7	0.9	78.3	61.1	148.5
1186	ID_24	0040-1411	653	0.10203125	0.9	1	1.1	0.9	0.9	106.7	43.8	53.6
1267	ID_25	0001-0132	26039	4.06859375	0.3	1	1.5	0.6	0.9	79.6	59.7	124.5
1268	ID_25	0002-0134	24607	3.84484375	0.3	1	1.9	0.5	0.9	83.4	63.6	117.1
1269	ID_25	0003-0132	23451	3.66421875	0.3	1	2	0.5	0.9	84.5	64.8	124
1270	ID_25	0004-0135	25048	3.91375	0.3	1	2	0.5	0.9	81.8	62.5	120
1271	ID_25	0005-0436	23049	3.60140625	0.3	1	1.7	0.6	0.9	86	65.5	118.9
1272	ID_25	0006-0484	23404	3.656875	0.2	1	1.8	0.6	0.9	86.4	66.3	118.1
1273	ID_25	0007-0497	23037	3.59953125	0.4	1	1.9	0.5	0.9	80.5	60.5	120.7
1274	ID_25	0008-0508	24029	3.75453125	0.3	1	1.8	0.6	0.9	84.3	63.8	116
1275	ID_25	0009-0830	22944	3.585	0.3	1	1.7	0.6	0.9	86.6	66.6	126.8
1276	ID_25	0010-0903	23147	3.61671875	0.3	1	1.9	0.5	0.9	86	65.1	113.7
1277	ID_25	0011-0904	22979	3.59046875	0.4	1	2	0.5	0.9	84.6	65.1	119.3
1278	ID_25	0012-0950	24566	3.8384375	0.4	1	1.7	0.6	0.9	82.2	62.4	117.8
1279	ID_25	0013-1349	24295	3.79609375	0.4	1	1.8	0.6	0.9	83.3	62.6	113.1
1280	ID_25	0014-1388	22502	3.5159375	0.4	1	1.9	0.5	0.9	85.7	65.9	116.1
1281	ID_25	0015-1432	23833	3.72390625	0.3	1	1.9	0.5	0.9	84.3	63	113.7
1282	ID_25	0016-1432	24609	3.84515625	0.4	1	1.9	0.5	0.9	83.8	63	116.9
1315	ID_26	0001-0194	9020	1.409375	0.6	1	1.2	0.8	0.9	130.2	131	112.9
1316	ID_26	0002-0201	8710	1.3609375	0.5	1	1.2	0.9	0.9	122.6	122	109.2
1317	ID_26	0003-0213	11980	1.871875	0.6	1	1.1	0.9	0.9	128.8	79.1	106.6
1318	ID_26	0004-0254	7887	1.23234375	0.8	1	1.1	0.9	1	94.3	110.6	110.3
1319	ID_26	0005-0279	8277	1.29328125	0.7	1	1.1	0.9	0.9	121.2	122.1	107.4
1320	ID_26	0006-0412	9102	1.4221875	0.6	1	1.2	0.9	0.9	125.3	126.1	109.3
1321	ID_26	0007-0424	8813	1.37703125	0.7	1	1.2	0.8	0.9	100.3	107.9	151.6
1322	ID_26	0008-0436	7401	1.15640625	0.8	1	1.2	0.9	1	92.6	107.7	108.3
1323	ID_26	0009-0441	8652	1.351875	0.7	1	1	1	0.9	127.9	77.2	104.9
1324	ID_26	0010-0478	9307	1.45421875	0.7	1	1.2	0.9	0.9	129.5	78.9	107.2
1325	ID_26	0011-0576	8845	1.38203125	0.6	1	1.1	0.9	0.9	101.6	107.5	150.5
1326	ID_26	0012-0581	8179	1.27796875	0.7	1	1	1	0.9	145	78.7	164.7
1327	ID_26	0013-0615	7722	1.2065625	0.6	1	1.1	1	0.9	143	75.3	162.4
1328	ID_26	0014-0647	7424	1.16	0.7	1	1.1	0.9	0.9	104.8	113.1	156.6
1329	ID_26	0015-0678	9472	1.48	0.7	1	1.1	0.9	0.9	125.6	72.9	101.2
1330	ID_26	0016-0768	9620	1.503125	0.6	1	1.1	0.9	0.9	124.5	75	103.3
1331	ID_26	0017-0783	9065	1.41640625	0.6	1	1.2	0.8	0.9	132.3	131.4	113.5
1332	ID_26	0018-0800	8607	1.34484375	0.6	1	1.2	0.9	0.9	142.3	80.4	160.4
1333	ID_26	0019-0849	9055	1.41484375	0.7	1	1.1	0.9	0.9	143.4	77.5	161.7
1334	ID_26	0020-0869	7579	1.18421875	0.6	1	1.1	0.9	0.9	132.1	132.2	112.4
1335	ID_26	0021-1012	8873	1.38640625	0.8	1	1.1	0.9	1	90.9	105.2	105.2
1336	ID_26	0022-1030	8521	1.33140625	0.6	1	1.1	0.9	0.9	119.9	118.9	107.1
1337	ID_26	0023-1034	8892	1.389375	0.6	1	1.1	0.9	0.9	91.7	105.8	106.2
1338	ID_26	0024-1083	11546	1.8040625	0.5	1	1.1	0.9	0.9	128.9	77.8	105.4
1339	ID_26	0025-1084	7414	1.1584375	0.8	1	1.1	0.9	1	91.4	109.5	105.8
1390	ID_27	0001-1234	359959	56.24359375	0.2	1	2.1	0.5	0.9	126.5	86	129.8
1391	ID_27	0002-1253	343306	53.6415625	0.2	1	2	0.5	0.9	121.9	85.7	126.6
1392	ID_27	0003-1385	300319	46.92484375	0.2	1	1.8	0.6	0.9	114	82.3	120.3
1399	ID_28	0001-0393	54421	8.50328125	0.3	1	3	0.3	0.9	127.9	18.5	159.6
1400	ID_28	0002-0417	51844	8.100625	0.3	1	3	0.3	0.9	82.8	35.3	31.8
1401	ID_28	0003-0459	53057	8.29015625	0.4	1	3	0.3	0.9	24	15.4	124.7
1402	ID_28	0004-0490	52971	8.27671875	0.4	1	2.8	0.4	0.9	46.8	12	153.1
1403	ID_28	0005-1072	53476	8.355625	0.4	1	3.1	0.3	0.9	127.4	16.8	158.9
1404	ID_28	0006-1114	52367	8.18234375	0.3	1	3	0.3	0.9	87.4	37	34
1405	ID_28	0007-1115	54277	8.48078125	0.3	1	3	0.3	0.9	127	19.2	156.9
1406	ID_28	0008-1130	55930	8.7390625	0.4	1	2.9	0.3	0.9	23.4	14.5	123.6
1407	ID_28	0009-1658	55234	8.6303125	0.4	1	2.9	0.3	0.9	21.9	13.6	123.4
1408	ID_28	0010-1727	55277	8.63703125	0.4	1	2.9	0.3	0.9	125.8	19	154.9
1409	ID_28	0011-1735	53013	8.28328125	0.3	1	3.1	0.3	0.9	125.2	17.8	155.3
1410	ID_28	0012-1749	59130	9.2390625	0.4	1	2.9	0.3	0.9	87.8	38.1	35.8
1411	ID_28	0013-2304	54849	8.57015625	0.4	1	3	0.3	0.9	23.2	14.7	122.3
1412	ID_28	0014-2352	52649	8.22640625	0.4	1	3	0.3	0.9	83.9	36.3	33.7
1413	ID_28	0015-2362	52240	8.1625	0.4	1	3.1	0.3	0.9	26	17	121.1
1414	ID_28	0016-2352	52198	8.1559375	0.4	1	2.9	0.3	0.9	123.7	18.2	153.7
1447	ID_29	0001-0086	9607	1.50109375	0.7	1	1.1	0.9	0.9	149.2	58.7	180.3
1448	ID_29	0002-0092	10742	1.6784375	0.8	1	1.1	0.9	1	106.8	40.7	70.1
1449	ID_29	0003-0101	10273	1.60515625	0.7	1	1.1	0.9	0.9	61.7	54.9	102.5
1450	ID_29	0004-0124	10603	1.65671875	0.5	1	1	1	0.9	90.5	51.7	173.1
1451	ID_29	0005-0122	10146	1.5853125	0.7	1	1	1	0.9	57.5	52.2	76.5
1452	ID_29	0006-0140	9897	1.54640625	0.7	1	1.1	0.9	0.9	57.3	51.2	75.5
1453	ID_29	0007-0327	9619	1.50296875	0.8	1	1	1	0.9	56.6	51.4	74.9
1454	ID_29	0008-0346	9194	1.4365625	0.7	1	1.1	0.9	0.9	160.1	59.5	185.7
1455	ID_29	0009-0367	8853	1.38328125	0.8	1	1.2	0.9	0.9	59.4	54.3	76.9
1456	ID_29	0010-0386	9311	1.45484375	0.8	1	1.1	0.9	1	158.2	52.1	184.7
1457	ID_29	0011-0403	10084	1.575625	0.7	1	1.1	0.9	0.9	62	53.9	105
1458	ID_29	0012-0417	10425	1.62890625	0.8	1	1.1	0.9	0.9	54.9	50.1	73.8
1459	ID_29	0013-0580	10200	1.59375	0.8	1	1	1	1	115.9	56.2	89.4
1460	ID_29	0014-0606	10218	1.5965625	0.8	1	1.1	0.9	1	114	50.4	83.6
1461	ID_29	0015-0618	10044	1.569375	0.7	1	1.1	0.9	0.9	91	48.3	175.5
1462	ID_29	0016-0627	9172	1.433125	0.8	1	1.1	0.9	1	162.5	54.7	188.9
1463	ID_29	0017-0645	10271	1.60484375	0.7	1	1	1	0.9	86.3	42.3	170.8
1464	ID_29	0018-0657	10284	1.606875	0.7	1	1.1	0.9	0.9	92.2	52.1	171.4
1465	ID_29	0019-0802	9458	1.4778125	0.8	1	1	1	1	55.8	49.7	98.6
1466	ID_29	0020-0847	10045	1.56953125	0.9	1	1.1	0.9	1	49.1	43.7	66.6
1467	ID_29	0021-0852	9781	1.52828125	0.8	1	1.1	0.9	1	56.8	48.8	99.9
1468	ID_29	0022-0856	10558	1.6496875	0.8	1	1	1	1	115.9	47.8	83
1469	ID_29	0023-0857	9626	1.5040625	0.8	1	1.1	0.9	1	49.1	41.3	95.4
1470	ID_29	0024-0858	9130	1.4265625	0.8	1	1.1	0.9	1	163.3	46.9	188.3
1471	ID_29	0025-1041	9687	1.51359375	0.7	1	1	1	0.9	92.5	48.6	176.3
1472	ID_29	0026-1062	9098	1.4215625	0.8	1	1.1	0.9	1	163.4	48.8	187.1
1473	ID_29	0027-1084	9920	1.55	0.8	1	1	1	1	50.3	42.6	94.5
1474	ID_29	0028-1099	10699	1.67171875	0.7	1	1.2	0.9	0.9	107.5	56.1	85.7
1475	ID_29	0029-1100	9053	1.41453125	0.8	1	1	1	0.9	163	49	186.8
1476	ID_29	0030-1103	9931	1.55171875	0.8	1	1.1	0.9	1	55	48.6	72.3
1537	ID_30	0001-0548	56795	8.87421875	0.2	1	1.6	0.6	0.9	97.2	68.9	109.6
1538	ID_30	0002-0572	62215	9.72109375	0.3	1	1.6	0.6	0.9	85	63	111
1539	ID_30	0003-0592	54912	8.58	0.3	1	1.8	0.6	0.9	88.3	63.7	101.1
1540	ID_30	0004-0599	57941	9.05328125	0.3	1	1.6	0.6	0.9	92.3	63.8	109.7
1541	ID_30	0005-1009	59462	9.2909375	0.3	1	1.6	0.6	0.9	91.7	63.1	107.3
1542	ID_30	0006-1047	58318	9.1121875	0.3	1	1.6	0.6	0.9	95	65.5	111
1543	ID_30	0007-1087	58253	9.10203125	0.3	1	1.6	0.6	0.9	94.2	63.9	106.4
1544	ID_30	0008-1112	59814	9.3459375	0.5	1	1.8	0.6	1	86	58.5	102.9
1545	ID_30	0009-1473	57962	9.0565625	0.3	1	1.7	0.6	0.9	95.8	66.4	111.8
1546	ID_30	0010-1554	58678	9.1684375	0.4	1	1.4	0.7	0.9	90.2	60.8	107
1547	ID_30	0011-1585	58435	9.13046875	0.4	1	1.5	0.6	0.9	91.9	61.3	106.6
1548	ID_30	0012-1603	55150	8.6171875	0.4	1	1.9	0.5	0.9	90.3	63.3	106.8
1549	ID_30	0013-2098	56468	8.823125	0.3	1	1.8	0.5	0.9	91.3	60.3	108.9
1550	ID_30	0014-2147	52640	8.225	0.4	1	2.1	0.5	0.9	96.7	63.8	112.1
1551	ID_30	0015-2185	54197	8.46828125	0.5	1	1.7	0.6	0.9	90.1	60.7	105.5
1552	ID_30	0016-2214	62773	9.80828125	0.4	1	1.7	0.6	0.9	92	63.2	105.8
1585	ID_31	0001-0163	15559	2.43109375	0.5	1	1.2	0.8	1	20.5	13.7	84.8
1586	ID_31	0002-0183	11922	1.8628125	0.6	1	1.2	0.8	0.9	156.7	16.2	179.7
1587	ID_31	0003-0241	17303	2.70359375	0.6	1	1.4	0.7	1	110.4	38.5	46.6
1588	ID_31	0004-0257	13260	2.071875	0.7	1	1.2	0.8	1	20.9	15.3	32.6
1589	ID_31	0005-0251	11825	1.84765625	0.7	1	1	1	1	109	40.8	52.3
1590	ID_31	0006-0514	11850	1.8515625	0.7	1	1.3	0.8	1	21.2	15.4	90.7
1591	ID_31	0007-0521	11442	1.7878125	0.6	1	1.2	0.8	1	149.1	15.4	171.2
1592	ID_31	0008-0564	15647	2.44484375	0.6	1	1.5	0.7	1	49.4	12.2	160.3
1593	ID_31	0009-0579	14062	2.1971875	0.7	1	1.3	0.8	1	45.3	8.9	159.8
1594	ID_31	0010-0576	11748	1.835625	0.7	1	1.2	0.8	1	154.2	17.4	177.2
1595	ID_31	0011-0850	19235	3.00546875	0.6	1	1.5	0.7	1	49.5	92.4	26.1
1596	ID_31	0012-0868	14715	2.29921875	0.7	1	1.2	0.8	1	23.3	17.9	38
1597	ID_31	0013-0878	12812	2.001875	0.6	1	1.1	0.9	1	23.3	17.7	35.8
1598	ID_31	0014-0877	12249	1.91390625	0.6	1	1.1	0.9	1	50.3	93.8	25.9
1599	ID_31	0015-0957	10843	1.69421875	0.8	1	1	1	1	49.9	12.6	165.6
1600	ID_31	0016-1141	15036	2.349375	0.6	1	1.3	0.8	1	159.3	15.7	180.9
1601	ID_31	0017-1177	13886	2.1696875	0.6	1	1.1	0.9	1	43.6	10.2	151.3
1602	ID_31	0018-1212	13759	2.14984375	0.6	1	1.3	0.8	1	45	10.5	153.5
1603	ID_31	0019-1275	12638	1.9746875	0.7	1	1.3	0.8	1	54.3	102.8	21
1604	ID_31	0020-1272	13127	2.05109375	0.7	1	1	1	1	162.7	15.6	184.8
1605	ID_31	0021-1459	16728	2.61375	0.5	1	1.5	0.7	1	111	41.4	51.7
1606	ID_31	0022-1477	13621	2.12828125	0.5	1	1.2	0.9	1	107.8	40	51.5
1607	ID_31	0023-1501	14777	2.30890625	0.6	1	1	1	1	107.7	40.9	49.9
1608	ID_31	0024-1585	14867	2.32296875	0.7	1	1.2	0.8	1	162.6	16.3	185.5
1609	ID_31	0025-1748	13484	2.106875	0.7	1	1.2	0.8	1	22.9	17.2	85.4
1660	ID_32	0001-0280	124174	19.4021875	0.4	1	1.7	0.6	0.8	70.5	103.7	95.1
1661	ID_32	0002-0330	143351	22.39859375	0.4	1	1.6	0.6	0.9	69.3	104.3	91.9
1662	ID_32	0003-0320	97039	15.16234375	0.4	1	1.4	0.7	0.8	77.2	91.9	101.4
1663	ID_32	0004-0282	282	0.0440625	0.7	1	1.6	0.6	0.8	79.4	69.2	98.9
1664	ID_32	0005-0370	142	0.0221875	0.6	1	1.6	0.6	0.8	90	73.4	109.2
1665	ID_32	0006-0454	103	0.01609375	0.8	1	1.6	0.6	0.9	82.7	69.8	105.9
1666	ID_32	0007-0485	109	0.01703125	0.8	1	1.9	0.5	0.9	82.4	68.7	105.7
1667	ID_32	0008-0572	109	0.01703125	0.5	1	2.3	0.4	0.7	89.8	76.2	111.8
1668	ID_32	0009-0577	153	0.02390625	0.4	1	2.9	0.3	0.7	91.8	78.2	113.6
1669	ID_32	0010-1056	146884	22.950625	0.4	1	1.8	0.5	0.8	67.1	103.3	88.3
1670	ID_32	0011-1057	148775	23.24609375	0.4	1	1.8	0.6	0.8	71.5	109.5	92.1
1671	ID_32	0012-1080	129581	20.24703125	0.3	1	2	0.5	0.8	74.9	105.7	95.5
1672	ID_32	0013-1792	144913	22.64265625	0.4	1	1.8	0.6	0.8	80.8	117.3	103.2
1673	ID_32	0014-1882	128341	20.05328125	0.3	1	1.9	0.5	0.8	67.7	100.8	88.3
1674	ID_32	0015-1917	131994	20.6240625	0.3	1	1.5	0.7	0.8	70.4	95.6	89.7
1675	ID_32	0016-1719	101	0.01578125	0.8	1	1.5	0.7	0.9	117.5	106.9	136.1
1676	ID_32	0017-1735	132	0.020625	0.9	1	1.4	0.7	0.9	122.2	111.9	140.8
1677	ID_32	0018-1770	116	0.018125	0.5	1	2.1	0.5	0.7	119.4	95.5	133.2
1714	ID_33	0001-0635	19285	3.01328125	0.8	1	1	1	1	23.5	19.2	33.9
1715	ID_33	0002-0642	18536	2.89625	0.9	1	1	1	1	23.4	18.7	33.7
1716	ID_33	0003-0679	19281	3.01265625	0.9	1	1	1	1	23.4	18.7	33
1717	ID_33	0004-0682	18344	2.86625	0.9	1	1	1	1	25	20.6	35.5
1718	ID_33	0005-0961	20276	3.168125	0.9	1	1	1	1	25.3	20.6	34.8
1719	ID_33	0006-0980	19007	2.96984375	0.8	1	1	1	1	23.7	19	33.1
1720	ID_33	0007-0987	19884	3.106875	0.9	1	1	1	1	25	20.5	34.9
1721	ID_33	0008-0995	19444	3.038125	0.9	1	1	1	1	22.4	17.9	31.5
1722	ID_33	0009-1339	19380	3.028125	0.9	1	1	1	1	21.6	16.9	30.3
1723	ID_33	0010-1345	18245	2.85078125	0.8	1	1	1	1	24.6	19.6	34.1
1724	ID_33	0011-1350	19141	2.99078125	0.9	1	1	1	1	23.6	18.6	32.6
1725	ID_33	0012-1384	19181	2.99703125	0.9	1	1	1	1	22.2	17.4	31.3
1726	ID_33	0013-1728	19111	2.98609375	0.8	1	1	1	1	25.2	20.2	34.2
1727	ID_33	0014-1756	19632	3.0675	0.9	1	1	1	1	24.5	19.6	34
1728	ID_33	0015-1764	18946	2.9603125	0.8	1	1	1	1	24.8	19.9	34
1729	ID_33	0016-1769	19390	3.0296875	0.9	1	1	1	1	24.5	19.6	34
1762	ID_34	0001-0420	101	0.01578125	0.8	1	1.5	0.7	0.9	75.9	75.9	63
1763	ID_34	0002-0717	126919	19.83109375	0.2	1	1.9	0.5	0.9	152.6	35.7	172.3
1764	ID_34	0003-0736	125691	19.63921875	0.1	1	2.1	0.5	0.9	159.2	34.2	179.2
1765	ID_34	0004-0749	122	0.0190625	0.8	1	1.5	0.7	0.9	68.2	77.6	62.7
1766	ID_34	0005-0968	114	0.0178125	0.6	1	2.3	0.4	0.9	60.5	74.1	54.3
1767	ID_34	0006-0975	136	0.02125	0.7	1	2.2	0.5	0.8	80.8	86.9	70.1
1768	ID_34	0007-1472	109	0.01703125	0.9	1	1.4	0.7	0.9	79.1	80.4	57.5
1769	ID_34	0008-1748	136671	21.35484375	0.2	1	1.9	0.5	0.9	151	35.9	169
1770	ID_34	0009-1761	124050	19.3828125	0.2	1	2	0.5	0.9	159.8	34.5	177.8
1771	ID_34	0010-1627	124	0.019375	0.8	1	1.2	0.8	0.9	73.6	78.8	54.9
1792	ID_35	0001-0632	10420	1.628125	0.5	1	1.3	0.8	0.9	35.8	24.9	122.6
1793	ID_35	0002-0642	10540	1.646875	0.6	1	1.3	0.8	1	37.4	25.6	137.7
1794	ID_35	0003-0652	10716	1.674375	0.5	1	1.4	0.7	0.9	33	23.2	124.3
1795	ID_35	0004-0667	10766	1.6821875	0.5	1	1.3	0.8	0.9	37.1	25.6	133.7
1796	ID_35	0005-0938	10326	1.6134375	0.7	1	1.3	0.8	1	37	25.1	139.9
1797	ID_35	0006-0959	10585	1.65390625	0.4	1	1.4	0.7	0.9	32.5	26.1	80.2
1798	ID_35	0007-0976	10335	1.61484375	0.4	1	1.3	0.8	0.9	36.6	25.3	125.6
1799	ID_35	0008-0982	11353	1.77390625	0.5	1	1.3	0.8	0.9	32.1	23.7	117.2
1800	ID_35	0009-1236	10958	1.7121875	0.5	1	1.3	0.8	0.9	31.7	22.1	117.8
1801	ID_35	0010-1255	9600	1.5	0.6	1	1.3	0.8	0.9	28.5	21	86.6
1802	ID_35	0011-1260	9584	1.4975	0.6	1	1.4	0.7	1	30	19.4	123.7
1803	ID_35	0012-1285	9957	1.55578125	0.5	1	1.2	0.8	0.9	37.6	26.2	124.9
1804	ID_35	0013-1525	11020	1.721875	0.5	1	1.3	0.8	0.9	41.6	28.2	136.2
1805	ID_35	0014-1538	10034	1.5678125	0.7	1	1.4	0.7	1	31.9	22.1	125.5
1806	ID_35	0015-1542	11442	1.7878125	0.4	1	1.3	0.8	0.9	36.8	26.4	121.8
1807	ID_35	0016-1557	10568	1.65125	0.4	1	1.2	0.8	0.9	28.4	22.6	73.5
1808	ID_35	0017-1755	10541	1.64703125	0.4	1	1.2	0.8	0.9	38.6	27	122.8
1809	ID_35	0018-1762	11157	1.74328125	0.4	1	1.2	0.8	0.9	32.7	25.6	78.4
1810	ID_35	0019-1789	10140	1.584375	0.7	1	1.4	0.7	0.9	27.8	22.3	72.5
1811	ID_35	0020-1805	10700	1.671875	0.5	1	1.3	0.8	0.9	34.9	24.1	128.2
1812	ID_35	0021-2014	10901	1.70328125	0.6	1	1.3	0.8	1	43.9	29.8	137.2
1813	ID_35	0022-2030	11398	1.7809375	0.4	1	1.2	0.9	0.9	35.4	27.6	79.8
1814	ID_35	0023-2031	8257	1.29015625	0.5	1	1.3	0.8	0.9	30.8	22.8	84.2
1815	ID_35	0024-2057	10143	1.58484375	0.7	1	1.4	0.7	1	31.1	22.2	114.1
1864	ID_36	0001-0614	66866	10.4478125	0.6	1	1.4	0.7	1	61.7	66.9	108.5
1865	ID_36	0002-0653	67307	10.51671875	0.6	1	1.4	0.7	1	64.5	71.1	110.4
1866	ID_36	0003-0664	67218	10.5028125	0.7	1	1.4	0.7	1	95.8	38.3	93
1867	ID_36	0004-0681	66071	10.32359375	0.6	1	1.4	0.7	1	43.3	39.6	120.9
1868	ID_36	0005-1106	66850	10.4453125	0.7	1	1.4	0.7	1	92.7	83.9	104.8
1869	ID_36	0006-1130	67622	10.5659375	0.5	1	1.3	0.7	1	42.1	39	119.7
1870	ID_36	0007-1151	67766	10.5884375	0.6	1	1.4	0.7	1	99.9	40.9	95.8
1871	ID_36	0008-1156	66620	10.409375	0.6	1	1.4	0.7	1	59.4	63.5	106
1872	ID_36	0009-1609	68876	10.761875	0.6	1	1.4	0.7	1	41	38.8	120.9
1873	ID_36	0010-1637	67384	10.52875	0.7	1	1.4	0.7	1	90.3	79.7	104.9
1874	ID_36	0011-1658	65879	10.29359375	0.7	1	1.4	0.7	1	100.5	37	94.7
1875	ID_36	0012-1661	67429	10.53578125	0.6	1	1.4	0.7	1	44.2	37.7	118.3
1876	ID_36	0013-2139	67117	10.48703125	0.6	1	1.4	0.7	1	43.3	41.4	121
1877	ID_36	0014-2178	67377	10.52765625	0.6	1	1.4	0.7	1	95.8	38.3	92.3
1878	ID_36	0015-2209	69280	10.825	0.6	1	1.4	0.7	1	42.4	35.3	114.8
1879	ID_36	0016-2237	66639	10.41234375	0.6	1	1.4	0.7	1	60.7	61.7	105.8
1912	ID_37	0001-0569	154794	24.1865625	0.4	1	1.8	0.6	0.9	96.6	60.5	123.7
1913	ID_37	0002-0575	166027	25.94171875	0.5	1	1.7	0.6	0.9	90.5	64.9	117.9
1914	ID_37	0003-0632	170325	26.61328125	0.4	1	1.7	0.6	0.8	90.9	68	118.3
1915	ID_37	0004-1327	171730	26.8328125	0.4	1	1.7	0.6	0.9	87.1	68.7	116.8
1916	ID_37	0005-1336	148866	23.2603125	0.4	1	1.6	0.6	0.8	91.4	59.9	117.1
1917	ID_37	0006-1382	140308	21.923125	0.4	1	1.4	0.7	0.9	95.3	61.6	123.7
1918	ID_37	0007-1978	162785	25.43515625	0.5	1	1.7	0.6	0.9	91.4	64	117.1
1919	ID_37	0008-2088	166418	26.0028125	0.4	1	1.7	0.6	0.9	88	59.6	114.2
1920	ID_37	0009-2089	162656	25.415	0.4	1	1.7	0.6	0.9	95.2	73	120.5
1939	ID_38	0001-0520	126956	19.836875	0.3	1	2.5	0.4	0.8	59.9	43.4	165.4
1940	ID_38	0002-0550	108159	16.89984375	0.3	1	2.2	0.5	0.8	50.8	36.7	150.8
1941	ID_38	0003-0614	127045	19.85078125	0.4	1	2.6	0.4	0.8	50.2	34.1	154.7
1942	ID_38	0004-0797	138	0.0215625	0.2	1	10.4	0.1	0.5	96.5	77.4	130.2
1943	ID_38	0005-1352	128219	20.03421875	0.4	1	2.3	0.4	0.9	72.9	56.9	162.9
1944	ID_38	0006-1375	134394	20.9990625	0.3	1	2.6	0.4	0.8	62.7	44.6	163.7
1945	ID_38	0007-1404	120699	18.85921875	0.3	1	2.4	0.4	0.8	59.3	44	155.3
1946	ID_38	0008-2127	133277	20.82453125	0.3	1	2.5	0.4	0.8	71.9	52.4	171.9
1947	ID_38	0009-2166	121927	19.05109375	0.4	1	2.5	0.4	0.8	56.1	39.8	147
1948	ID_38	0010-2168	118278	18.4809375	0.4	1	2.5	0.4	0.8	52.6	36.6	152.6
1969	ID_39	0001-0700	76357	11.93078125	0.7	1	1.7	0.6	1	77.3	68.9	105
1970	ID_39	0002-0766	79703	12.45359375	0.7	1	1.8	0.6	1	78.7	70.2	107.3
1971	ID_39	0003-0775	76896	12.015	0.7	1	1.8	0.6	1	83.8	75.3	108.7
1972	ID_39	0004-0820	75144	11.74125	0.7	1	1.7	0.6	1	75.7	66.4	105.5
1973	ID_39	0005-1322	77954	12.1803125	0.7	1	1.8	0.6	1	84.1	75.7	109.9
1974	ID_39	0006-1342	78142	12.2096875	0.7	1	1.7	0.6	1	80.9	72.4	107.3
1975	ID_39	0007-1349	77354	12.0865625	0.7	1	1.8	0.6	1	87.3	79.6	110.2
1976	ID_39	0008-1358	76701	11.98453125	0.7	1	1.8	0.6	1	78.5	69.3	107.8
1977	ID_39	0009-1960	78775	12.30859375	0.7	1	1.8	0.6	1	89	80.3	113.4
1978	ID_39	0010-1975	75713	11.83015625	0.7	1	1.8	0.6	1	79.8	71.1	107
1979	ID_39	0011-1993	76750	11.9921875	0.7	1	1.7	0.6	1	79.7	70.6	106.7
1980	ID_39	0012-2029	79619	12.44046875	0.7	1	1.8	0.6	1	85.3	75.6	112.1
2005	ID_40	0001-0900	83919	13.11234375	0.5	1	1.7	0.6	1	96.5	44.7	144.8
2006	ID_40	0002-0898	82064	12.8225	0.6	1	1.7	0.6	1	90.7	39.2	138.5
2007	ID_40	0003-0916	79251	12.38296875	0.5	1	1.7	0.6	0.9	91.3	39.5	137.8
2008	ID_40	0004-1493	80401	12.56265625	0.5	1	1.7	0.6	1	93.5	41.3	136.9
2009	ID_40	0005-1533	82616	12.90875	0.5	1	1.6	0.6	1	92.5	40.5	137.9
2010	ID_40	0006-1560	85904	13.4225	0.4	1	1.7	0.6	0.9	92.9	43.5	139.9
2011	ID_40	0007-2206	80748	12.616875	0.6	1	1.7	0.6	1	91.9	41.2	136.2
2012	ID_40	0008-2232	85870	13.4171875	0.5	1	1.6	0.6	1	95.5	45	140
2013	ID_40	0009-2246	87273	13.63640625	0.4	1	1.7	0.6	0.9	95.6	43.3	141.3
2032	ID_41	0001-0755	168642	26.3503125	0.5	1	2.5	0.4	0.9	57.6	62.3	79.5
2033	ID_41	0002-0793	109108	17.048125	0.5	1	2.4	0.4	0.9	53.9	62.3	72.1
2034	ID_41	0003-0846	135081	21.10640625	0.4	1	2.3	0.4	0.9	57.1	63.3	73.8
2035	ID_41	0004-1664	155583	24.30984375	0.3	1	2.6	0.4	0.8	49.3	53.2	65.3
2036	ID_41	0005-1613	125080	19.54375	0.4	1	2	0.5	0.7	54.1	60.2	69.5
2037	ID_41	0006-1700	131907	20.61046875	0.5	1	2.6	0.4	0.9	57.3	61.7	73
2038	ID_41	0007-2396	118439	18.50609375	0.5	1	2.3	0.4	0.9	66.3	71.4	84.8
2039	ID_41	0008-2430	126232	19.72375	0.4	1	2.6	0.4	0.8	59.8	64.2	79.2
2040	ID_41	0009-2478	145613	22.75203125	0.5	1	2.4	0.4	0.9	59.9	65.4	80.2
2059	ID_42	0001-0402	158384	24.7475	0.5	1	3	0.3	0.8	75.5	42.6	119.7
2060	ID_42	0002-0482	162216	25.34625	0.5	1	3.3	0.3	0.8	70.4	37.7	115
2061	ID_42	0003-0519	167756	26.211875	0.5	1	3.4	0.3	0.9	72.8	40.1	115.7
2062	ID_42	0004-1392	176760	27.61875	0.5	1	3.4	0.3	0.9	85.9	48.3	127.2
2063	ID_42	0005-1437	179527	28.05109375	0.4	1	3.3	0.3	0.9	83.3	45.6	125.2
2064	ID_42	0006-1424	141066	22.0415625	0.5	1	3.1	0.3	0.8	83.1	48.2	126.6
2065	ID_42	0007-1610	117	0.01828125	1	1	1	1	1	101.4	74.6	128.1
2066	ID_42	0008-2292	189898	29.6715625	0.5	1	3	0.3	0.9	91.2	48.7	135.4
2067	ID_42	0009-2372	151298	23.6403125	0.5	1	3.1	0.3	0.8	81.1	46.2	123.6
2068	ID_42	0010-2417	133830	20.9109375	0.4	1	3	0.3	0.8	67.9	39.8	107.9
2089	ID_43	0001-0777	107825	16.84765625	0.5	1	2	0.5	1	77.6	113.5	187.5
2090	ID_43	0002-0783	110470	17.2609375	0.7	1	2	0.5	1	80.7	118.8	193.4
2091	ID_43	0003-1256	111600	17.4375	0.8	1	1.7	0.6	1	77	113.3	188.5
2092	ID_43	0004-1856	113079	17.66859375	0.7	1	2.1	0.5	1	78.6	113.4	188.3
2093	ID_43	0005-1921	115309	18.01703125	0.8	1	1.6	0.6	1	74.3	108	182.2
2104	ID_44	0001-0838	137965	21.55703125	0.5	1	2	0.5	0.9	79.9	110.7	196.5
2105	ID_44	0002-0844	130477	20.38703125	0.5	1	1.9	0.5	0.9	80.1	113.5	198.1
2106	ID_44	0003-0864	129149	20.17953125	0.5	1	2	0.5	0.9	80.2	110.6	195.9
2107	ID_44	0004-0899	134619	21.03421875	0.6	1	1.8	0.5	0.9	78.2	110.2	193.6
2108	ID_44	0005-1604	135105	21.11015625	0.5	1	2	0.5	0.9	80.4	110.7	194.8
2109	ID_44	0006-1605	131687	20.57609375	0.5	1	1.9	0.5	0.9	81.6	112.7	195.6
2110	ID_44	0007-1609	133956	20.930625	0.5	1	1.9	0.5	0.9	80.3	113	197
2111	ID_44	0008-1627	130472	20.38625	0.6	1	1.9	0.5	0.9	77.1	109.3	192.4
2112	ID_44	0009-2317	134888	21.07625	0.5	1	2	0.5	0.9	79.9	111.2	195.2
2113	ID_44	0010-2347	134462	21.0096875	0.5	1	2	0.5	0.9	80.3	111.7	193.9
2114	ID_44	0011-2351	135683	21.20046875	0.5	1	2	0.5	0.9	78.7	109.4	193
2115	ID_44	0012-2366	132832	20.755	0.6	1	2	0.5	0.9	77.2	109.6	191.4
2140	ID_45	0001-0836	16663	2.60359375	0.8	1	1.1	0.9	1	32	21.2	54.7
2141	ID_45	0002-0846	17405	2.71953125	0.8	1	1	1	1	32.2	21.1	54.4
2142	ID_45	0003-0927	19871	3.10484375	0.7	1	1.1	0.9	1	32.7	21.2	54.1
2143	ID_45	0004-0986	19920	3.1125	0.7	1	1.1	0.9	1	34.9	23.5	56.3
2144	ID_45	0005-1158	18845	2.94453125	0.8	1	1.1	0.9	1	31.2	20.4	53.7
2145	ID_45	0006-1195	17847	2.78859375	0.7	1	1.1	0.9	1	30	19.5	51.3
2146	ID_45	0007-1271	18617	2.90890625	0.8	1	1.1	0.9	1	32.1	20.8	54
2147	ID_45	0008-1326	20017	3.12765625	0.7	1	1.1	0.9	1	34.2	22.7	55.3
2148	ID_45	0009-1532	16906	2.6415625	0.9	1	1	1	1	30.2	19.7	51.9
2149	ID_45	0010-1607	16968	2.65125	0.8	1	1.1	0.9	1	30.7	19.3	51.9
2150	ID_45	0011-1657	17376	2.715	0.7	1	1	1	1	32.3	21	53.2
2151	ID_45	0012-1757	19146	2.9915625	0.8	1	1.1	0.9	1	33.8	22.1	54.7
2152	ID_45	0013-2032	20045	3.13203125	0.9	1	1	1	1	30.4	19.4	51.9
2153	ID_45	0014-2032	14351	2.24234375	0.9	1	1.1	1	1	31.2	19.9	54.3
2154	ID_45	0015-2056	18769	2.93265625	0.7	1	1.1	1	1	33.6	22.1	54.9
2155	ID_45	0016-2108	17721	2.76890625	0.8	1	1.1	0.9	1	34.7	23.4	55.4
2188	ID_46	0001-0811	11891	1.85796875	0.7	1	1.6	0.6	1	22.5	18.4	27.7
2189	ID_46	0002-0838	12162	1.9003125	0.7	1	1.6	0.6	1	21	17	26
2190	ID_46	0003-0853	12609	1.97015625	0.7	1	1.6	0.6	1	20.4	16.2	25.5
2191	ID_46	0004-0885	12362	1.9315625	0.7	1	1.6	0.6	1	23	18.9	28.2
2192	ID_46	0005-1162	12404	1.938125	0.7	1	1.6	0.6	1	22.4	18.8	27.6
2193	ID_46	0006-1198	12396	1.936875	0.7	1	1.6	0.6	1	25.4	21.3	30.7
2194	ID_46	0007-1183	11965	1.86953125	0.7	1	1.1	0.9	0.9	20.7	17	25.6
2195	ID_46	0008-1201	11935	1.86484375	0.7	1	1.6	0.6	1	23	19.2	27.9
2196	ID_46	0009-1389	11986	1.8728125	0.7	1	1.6	0.6	1	29.9	26	36
2197	ID_46	0010-1416	11716	1.830625	0.7	1	1.5	0.7	1	22	18.2	26.6
2198	ID_46	0011-1437	12794	1.9990625	0.7	1	1.6	0.6	1	23.3	19.1	27.9
2199	ID_46	0012-1456	11647	1.81984375	0.7	1	1.6	0.6	1	24.3	19.8	29.2
2200	ID_46	0013-1689	12069	1.88578125	0.8	1	1.5	0.7	1	23.3	19	28.2
2201	ID_46	0014-1713	12431	1.94234375	0.7	1	1.5	0.6	1	25.7	21	30.3
2202	ID_46	0015-1726	12645	1.97578125	0.7	1	1.5	0.7	1	22.7	18.4	26.8
2203	ID_46	0016-1746	11273	1.76140625	0.7	1	1.6	0.6	1	23.5	19.3	28.1
2204	ID_46	0017-1954	12264	1.91625	0.7	1	1.5	0.7	1	25.5	21.2	30.9
2205	ID_46	0018-1994	11504	1.7975	0.7	1	1.6	0.6	1	26.2	21.5	31.2
2206	ID_46	0019-1991	11578	1.8090625	0.7	1	1.6	0.6	1	24.5	20.3	29
2207	ID_46	0020-2022	11864	1.85375	0.7	1	1.6	0.6	1	25.6	21.2	30.4
2248	ID_47	0001-0811	51297	8.01515625	0.5	1	3	0.3	0.9	18.6	11.7	123.8
2249	ID_47	0002-0851	48817	7.62765625	0.4	1	3	0.3	0.9	19.4	12.6	120.3
2250	ID_47	0003-0880	49741	7.77203125	0.4	1	3.2	0.3	0.9	17.7	11.2	119
2251	ID_47	0004-1453	50985	7.96640625	0.5	1	3	0.3	0.9	17.1	10.6	118.4
2252	ID_47	0005-1463	51148	7.991875	0.4	1	3	0.3	0.9	19.1	12	119.7
2253	ID_47	0006-1463	50931	7.95796875	0.5	1	3	0.3	0.9	18.7	12.1	121.7
2254	ID_47	0007-2125	50971	7.96421875	0.4	1	3	0.3	0.9	19.3	12.3	118.5
2255	ID_47	0008-2154	51768	8.08875	0.5	1	3.1	0.3	0.9	19.6	12.6	121.5
2256	ID_47	0009-2173	50706	7.9228125	0.4	1	3	0.3	0.9	19.2	12.5	118.2
2275	ID_48	0001-0521	16321	2.55015625	0.8	1	1.2	0.9	1	29.1	17.3	126.6
2276	ID_48	0002-0535	16712	2.61125	0.8	1	1.3	0.8	1	14.9	10.1	103.3
2277	ID_48	0003-0560	16779	2.62171875	0.8	1	1.2	0.8	1	14.5	9.6	94.4
2278	ID_48	0004-0571	17038	2.6621875	0.8	1	1.2	0.8	1	19.1	12.7	96.9
2279	ID_48	0005-0961	16703	2.60984375	0.8	1	1.3	0.8	1	65	16.6	23.9
2280	ID_48	0006-0965	15823	2.47234375	0.8	1	1.2	0.8	1	30.1	16.9	128.2
2281	ID_48	0007-0975	15113	2.36140625	0.8	1	1.1	0.9	1	106.8	9.2	145.3
2282	ID_48	0008-0984	16413	2.56453125	0.7	1	1.1	0.9	1	36.8	10.3	130.9
2283	ID_48	0009-1316	16019	2.50296875	0.8	1	1.2	0.8	1	13.5	8.7	99.5
2284	ID_48	0010-1326	15786	2.4665625	0.8	1	1.2	0.8	1	69.6	18.3	26.4
2285	ID_48	0011-1334	16407	2.56359375	0.8	1	1.1	0.9	1	17.1	11.8	102.8
2286	ID_48	0012-1350	16471	2.57359375	0.8	1	1	1	1	32.6	19.5	125.8
2287	ID_48	0013-1783	15724	2.456875	0.8	1	1.1	0.9	1	14.7	9	94.5
2288	ID_48	0014-1800	16348	2.554375	0.8	1	1.1	0.9	1	41.8	10.3	133.8
2289	ID_48	0015-1799	14272	2.23	0.8	1	1.1	0.9	1	107.3	8.2	142
2290	ID_48	0016-1808	16693	2.60828125	0.8	1	1	1	1	68.4	21.4	32
2323	ID_49	0001-0790	11532	1.801875	0.7	1	1.7	0.6	1	20.1	14.8	74.8
2324	ID_49	0002-0794	11321	1.76890625	0.7	1	1.8	0.5	1	21.9	16.1	74.6
2325	ID_49	0003-0808	13127	2.05109375	0.6	1	1.6	0.6	0.9	20.6	14.9	72.6
2326	ID_49	0004-0826	12044	1.881875	0.7	1	1.6	0.6	1	20.1	14.2	74
2327	ID_49	0005-1107	12275	1.91796875	0.6	1	1.5	0.6	1	22.8	16.6	73
2328	ID_49	0006-1152	12557	1.96203125	0.7	1	1.5	0.7	1	20.9	15.6	72.1
2329	ID_49	0007-1163	11144	1.74125	0.7	1	1.6	0.6	1	22.2	16.7	75.3
2330	ID_49	0008-1178	11683	1.82546875	0.7	1	1.7	0.6	1	21	15.2	74.4
2331	ID_49	0009-1434	11735	1.83359375	0.6	1	1.5	0.7	1	23.4	17.6	74
2332	ID_49	0010-1489	11708	1.829375	0.6	1	1.5	0.6	1	23.2	17.6	72.1
2333	ID_49	0011-1532	11656	1.82125	0.6	1	1.6	0.6	1	21.6	15.4	73.7
2334	ID_49	0012-1572	11362	1.7753125	0.7	1	1.6	0.6	1	23.7	18.4	74.2
2335	ID_49	0013-1786	11300	1.765625	0.7	1	1.6	0.6	1	24.6	18.3	74.4
2336	ID_49	0014-1822	12001	1.87515625	0.6	1	1.5	0.7	1	24	17.3	74.2
2337	ID_49	0015-1827	11155	1.74296875	0.6	1	1.6	0.6	1	22.2	15.6	72.7
2338	ID_49	0016-1840	10968	1.71375	0.7	1	1.6	0.6	1	22.6	16.9	74.6
2371	ID_50	0001-0540	33558	5.2434375	0.7	1	1.6	0.6	0.9	144.7	34	166.3
2372	ID_50	0002-0568	35525	5.55078125	0.7	1	1.6	0.6	0.9	146.9	36.6	167.7
2373	ID_50	0003-0592	27022	4.2221875	0.7	1	1.4	0.7	0.9	58.7	61.2	172.2
2374	ID_50	0004-0900	37655	5.88359375	0.7	1	1.6	0.6	0.9	94.2	94.3	51.5
2375	ID_50	0005-0923	28628	4.473125	0.6	1	1.4	0.7	0.9	57.6	58	170.4
2376	ID_50	0006-0992	33833	5.28640625	0.7	1	1.6	0.6	0.9	142.4	34.3	167.1
2377	ID_50	0007-1280	37363	5.83796875	0.6	1	1.7	0.6	0.9	110.3	56.1	67
2378	ID_50	0008-1283	32502	5.0784375	0.6	1	1.6	0.6	0.9	53.6	55.6	166.6
2379	ID_50	0009-1330	37242	5.8190625	0.7	1	1.6	0.6	0.9	106.4	53.7	71.8
2380	ID_50	0010-1644	33343	5.20984375	0.7	1	1.7	0.6	0.9	51.4	68.1	96.4
2381	ID_50	0011-1663	33345	5.21015625	0.6	1	1.6	0.6	0.9	51	51.5	161.6
2382	ID_50	0012-1719	33538	5.2403125	0.6	1	1.6	0.6	0.9	51.5	52.4	163.5
2383	ID_50	0013-2066	40011	6.25171875	0.6	1	1.7	0.6	0.9	88.9	88.5	50.6
2384	ID_50	0014-2082	40226	6.2853125	0.6	1	1.6	0.6	0.9	105.3	53.5	70.7
2385	ID_50	0015-2101	30576	4.7775	0.6	1	1.6	0.6	0.9	54.6	57.5	165.8
2416	ID_51	0001-0741	55496	8.67125	0.2	1	3.4	0.3	0.7	35.1	31.4	27.9
2417	ID_51	0002-0739	56386	8.8103125	0.3	1	3.3	0.3	0.8	33.5	30.7	24.7
2418	ID_51	0003-0826	56080	8.7625	0.2	1	3.8	0.3	0.8	38.9	33.8	30.7
2419	ID_51	0004-1364	51998	8.1246875	0.3	1	3.9	0.3	0.8	34.8	30.4	23.5
2420	ID_51	0005-1421	57771	9.02671875	0.3	1	3.4	0.3	0.8	38.3	33.1	28.2
2421	ID_51	0006-1441	56674	8.8553125	0.3	1	3	0.3	0.8	35.3	30	25.6
2422	ID_51	0007-2281	70189	10.96703125	0.3	1	3	0.3	0.8	39.8	36.2	24.9
2423	ID_51	0008-2319	57287	8.95109375	0.3	1	3.5	0.3	0.8	34.1	30.9	25
2424	ID_51	0009-2409	57731	9.02046875	0.3	1	3.4	0.3	0.8	38.3	33.1	29.5
2443	ID_52	0001-0693	8734	1.3646875	0.6	1	2.1	0.5	0.9	42.3	49.3	129.8
2444	ID_52	0002-0714	10751	1.67984375	0.7	1	2.2	0.5	1	44.3	53.2	136.5
2445	ID_52	0003-0710	9163	1.43171875	0.6	1	2.1	0.5	0.9	45.8	54.8	135
2446	ID_52	0004-0714	7978	1.2465625	0.6	1	2.2	0.5	1	167.2	161.3	184.1
2447	ID_52	0005-0747	9508	1.485625	0.7	1	2.2	0.5	1	45.8	54.4	136.1
2448	ID_52	0006-0997	7638	1.1934375	0.6	1	2.2	0.5	0.9	167.2	159.8	184.3
2449	ID_52	0007-1016	8311	1.29859375	0.5	1	2.3	0.4	1	165.1	158.5	181.8
2450	ID_52	0008-1021	9857	1.54015625	0.7	1	1.8	0.5	0.9	43.1	50.2	129.7
2451	ID_52	0009-1031	10005	1.56328125	0.7	1	2	0.5	1	44.3	52.8	135.3
2452	ID_52	0010-1051	8530	1.3328125	0.6	1	2.2	0.5	1	164	157.9	180.8
2453	ID_52	0011-1256	7294	1.1396875	0.6	1	2.2	0.5	1	164.8	158.1	180.7
2454	ID_52	0012-1303	9731	1.52046875	0.7	1	2	0.5	1	43.6	51.7	134.7
2455	ID_52	0013-1315	7587	1.18546875	0.6	1	2.2	0.5	0.9	165.2	158	180.7
2456	ID_52	0014-1363	9850	1.5390625	0.7	1	2	0.5	1	49.1	56.2	139.6
2457	ID_52	0015-1365	7999	1.24984375	0.6	1	2.3	0.4	1	167.1	158.9	183.5
2458	ID_52	0016-1597	9647	1.50734375	0.7	1	2	0.5	1	44.4	52.6	136
2459	ID_52	0017-1601	9720	1.51875	0.6	1	2	0.5	0.9	45.1	50.7	128.4
2460	ID_52	0018-1643	10269	1.60453125	0.7	1	2	0.5	1	44.1	51.1	134.2
2461	ID_52	0019-1643	6045	0.94453125	0.6	1	2.8	0.4	0.9	165.9	158.6	181
2462	ID_52	0020-1679	8247	1.28859375	0.7	1	2.2	0.4	1	166.9	158.3	182.9
2463	ID_52	0021-1882	9221	1.44078125	0.6	1	2	0.5	0.9	46.6	52.4	130.8
2464	ID_52	0022-1935	9141	1.42828125	0.7	1	2.1	0.5	1	46.8	53.8	134
2465	ID_52	0023-1955	9289	1.45140625	0.6	1	2	0.5	0.9	51.8	58.9	140
2466	ID_52	0024-1974	8102	1.2659375	0.5	1	2.4	0.4	1	166.9	159	181.4
2467	ID_52	0025-1988	8153	1.27390625	0.7	1	2.3	0.4	1	46.6	53.4	132.9
2468	ID_52	0026-2211	9090	1.4203125	0.7	1	2	0.5	1	45.9	50.8	129.4
2469	ID_52	0027-2220	8174	1.2771875	0.6	1	2	0.5	0.9	48.1	52.2	129.9
2470	ID_52	0028-2274	9741	1.52203125	0.7	1	1.9	0.5	1	44.5	51.7	132.8
2471	ID_52	0029-2290	9118	1.4246875	0.7	1	2.1	0.5	0.9	48	53	133.8
2472	ID_52	0030-2300	10591	1.65484375	0.7	1	1.9	0.5	1	46.6	53.3	134.6
2533	ID_53	0001-0470	13379	2.09046875	0.7	1	1.7	0.6	1	96.2	35.2	75.4
2534	ID_53	0002-0490	13284	2.075625	0.7	1	1.7	0.6	0.9	95.2	34.9	74
2535	ID_53	0003-0499	12920	2.01875	0.7	1	1.8	0.6	0.9	67.1	19.6	144.7
2536	ID_53	0004-0524	11802	1.8440625	0.7	1	1.7	0.6	0.9	65.9	17.6	146
2537	ID_53	0005-0837	13806	2.1571875	0.7	1	1.6	0.6	1	91.2	32.9	69.6
2538	ID_53	0006-0857	18310	2.8609375	0.7	1	1.6	0.6	0.9	33.4	23.8	94.4
2539	ID_53	0007-0877	10628	1.660625	0.6	1	2	0.5	0.9	127	29.7	150.8
2540	ID_53	0008-0888	10360	1.61875	0.6	1	1.9	0.5	0.9	129.8	30.9	153.3
2541	ID_53	0009-1158	14040	2.19375	0.6	1	1.9	0.5	0.9	36.7	23.7	132
2542	ID_53	0010-1155	12765	1.99453125	0.7	1	1.7	0.6	0.9	40.4	26.5	129.3
2543	ID_53	0011-1160	13523	2.11296875	0.7	1	1.8	0.6	1	75	23.4	143.5
2544	ID_53	0012-1169	11607	1.81359375	0.7	1	1.8	0.6	0.9	126.3	33.2	149.9
2545	ID_53	0013-1422	14126	2.2071875	0.7	1	1.9	0.5	1	67.5	19.1	143.5
2546	ID_53	0014-1427	12914	2.0178125	0.7	1	1.8	0.6	1	35.8	22.7	128.1
2547	ID_53	0015-1444	14506	2.2665625	0.7	1	1.8	0.6	0.9	66.5	20.1	147.1
2548	ID_53	0016-1451	16193	2.53015625	0.8	1	1.7	0.6	1	31.8	22.5	99.9
2549	ID_53	0017-1751	14343	2.24109375	0.6	1	1.8	0.5	0.9	30.3	21.5	107.4
2550	ID_53	0018-1832	15925	2.48828125	0.7	1	1.8	0.6	1	34	24.1	98.4
2551	ID_53	0019-1835	14493	2.26453125	0.7	1	1.7	0.6	1	35.8	25.6	106.5
2552	ID_53	0020-1859	12635	1.97421875	0.7	1	1.7	0.6	0.9	73.2	23	140.8
2593	ID_54	0001-0707	22815	3.56484375	0.4	1	2.1	0.5	0.9	64.7	81.4	55.5
2594	ID_54	0002-0744	24450	3.8203125	0.4	1	2.4	0.4	0.9	64.7	33.1	153.3
2595	ID_54	0003-0758	25132	3.926875	0.4	1	2.6	0.4	0.8	138.7	50.3	165.3
2596	ID_54	0004-0789	24533	3.83328125	0.3	1	2.2	0.5	0.8	100.1	52.2	71.4
2597	ID_54	0005-1128	23221	3.62828125	0.5	1	2.5	0.4	0.9	134.8	44.9	161.1
2598	ID_54	0006-1157	24665	3.85390625	0.4	1	2.3	0.4	0.9	56	46.7	133.8
2599	ID_54	0007-1169	24038	3.7559375	0.4	1	2.3	0.4	0.9	47.7	39.1	131.5
2600	ID_54	0008-1192	25801	4.03140625	0.2	1	2.1	0.5	0.8	100.6	59.8	80.9
2601	ID_54	0009-1541	20868	3.260625	0.4	1	2.7	0.4	0.9	60.8	78.2	48.5
2602	ID_54	0010-1580	22317	3.48703125	0.4	1	2.3	0.4	0.8	67.5	82.4	58.7
2603	ID_54	0011-1596	25674	4.0115625	0.5	1	2.3	0.4	0.9	51.6	42.1	133.3
2604	ID_54	0012-1619	21837	3.41203125	0.3	1	2.5	0.4	0.8	53.9	44.6	131.6
2605	ID_54	0013-2100	24780	3.871875	0.5	1	2.4	0.4	0.9	49.3	39.9	131.8
2606	ID_54	0014-2128	27308	4.266875	0.4	1	2.2	0.5	0.9	59.2	49.1	137.4
2607	ID_54	0015-2138	25185	3.93515625	0.5	1	2	0.5	0.9	50	40.2	132.6
2608	ID_54	0016-2170	22493	3.51453125	0.4	1	2.4	0.4	0.9	134	42.3	158.2
2641	ID_55	0001-0686	66697	10.42140625	0.6	1	1.6	0.6	0.9	46	35.2	121.5
2642	ID_55	0002-0677	54529	8.52015625	0.5	1	2.1	0.5	0.9	83.5	42.3	74.9
2643	ID_55	0003-0698	50854	7.9459375	0.6	1	1.7	0.6	0.9	53.5	40.8	128.5
2644	ID_55	0004-0700	48997	7.65578125	0.6	1	1.4	0.7	0.9	59.2	45.4	130.1
2645	ID_55	0005-1091	53656	8.38375	0.5	1	1.8	0.6	0.9	102.6	45.7	138.4
2646	ID_55	0006-1114	54549	8.52328125	0.6	1	1.9	0.5	0.9	40.8	30.9	118.2
2647	ID_55	0007-1108	44352	6.93	0.5	1	2.1	0.5	0.9	85.7	43.9	80
2648	ID_55	0008-1112	50909	7.95453125	0.6	1	1.5	0.7	1	61.2	45.6	128.9
2649	ID_55	0009-1594	46814	7.3146875	0.6	1	1.8	0.6	0.9	54.3	40.8	125.3
2650	ID_55	0010-1609	47255	7.38359375	0.5	1	1.9	0.5	0.9	85.5	44.1	77.4
2651	ID_55	0011-1623	49911	7.79859375	0.6	1	1.4	0.7	0.9	92.9	43.1	126.9
2652	ID_55	0012-1629	45407	7.09484375	0.5	1	1.8	0.6	0.9	81.3	43	75.1
2653	ID_55	0013-2036	53214	8.3146875	0.5	1	2.1	0.5	0.9	98.3	42.7	132
2654	ID_55	0014-2065	48547	7.58546875	0.5	1	2	0.5	0.9	102.8	50.3	135.5
2655	ID_55	0015-2092	50467	7.88546875	0.5	1	1.8	0.6	0.9	79.7	40.1	68.6
2656	ID_55	0016-2121	44263	6.91609375	0.6	1	2	0.5	0.9	52.3	37.7	126.4
2657	ID_55	0017-2514	55503	8.67234375	0.7	1	1.5	0.7	0.9	48	37	119.3
2658	ID_55	0018-2552	46491	7.26421875	0.5	1	1.8	0.5	0.9	84.7	45.6	77.3
2659	ID_55	0019-2574	48796	7.624375	0.5	1	2.3	0.4	0.9	100.7	45	134.4
2660	ID_55	0020-2577	46771	7.30796875	0.5	1	1.8	0.6	0.9	97.6	40.6	131.9
2701	ID_56	0001-0410	37571	5.87046875	0.4	1	1.4	0.7	0.9	101.1	88	119.4
2702	ID_56	0002-0429	33291	5.20171875	0.4	1	1.1	0.9	0.8	97.7	81.6	117.6
2703	ID_56	0003-0458	34445	5.38203125	0.5	1	1.2	0.9	0.9	99.3	85.5	118.3
2704	ID_56	0005-1011	34375	5.37109375	0.3	1	1.4	0.7	0.7	98.2	83.5	115.4
2705	ID_56	0006-1044	30241	4.72515625	0.5	1	1.1	0.9	0.9	98.7	81.8	117.3
2706	ID_56	0007-1066	30926	4.8321875	0.3	1	1.1	0.9	0.9	97.9	81.5	115.8
2707	ID_56	0009-1504	33975	5.30859375	0.5	1	1.1	0.9	0.9	98.5	80.9	116
2708	ID_56	0010-1513	32010	5.0015625	0.4	1	1	1	0.9	99.1	81.5	116.4
2709	ID_56	0011-1548	32819	5.12796875	0.4	1	1.4	0.7	0.8	99.8	84.1	116.2
2710	ID_56	0013-2079	32977	5.15265625	0.4	1	1.3	0.8	0.8	100.1	82.9	117.2
2711	ID_56	0014-2105	36332	5.676875	0.3	1	1.3	0.8	0.8	99.1	83.1	115.6
2712	ID_56	0015-2100	35369	5.52640625	0.5	1	1.1	0.9	0.9	101	82.7	118.3
2737	ID_57	0001-0826	84898	13.2653125	0.5	1	1.6	0.6	1	89.7	77.6	144.4
2738	ID_57	0002-0829	80707	12.61046875	0.6	1	1.6	0.6	1	86	71.4	141.5
2739	ID_57	0003-0873	83804	13.094375	0.6	1	1.6	0.6	1	86.6	70.7	145.7
2740	ID_57	0004-1494	82640	12.9125	0.6	1	1.7	0.6	1	85.3	68.3	142.6
2741	ID_57	0005-2102	87506	13.6728125	0.6	1	1.6	0.6	1	91.6	77.1	147.5
2742	ID_57	0006-2099	82662	12.9159375	0.6	1	1.6	0.6	1	88.7	73.7	141.5
2743	ID_57	0007-2145	84808	13.25125	0.6	1	1.6	0.6	1	89.8	75.9	142.5
2758	ID_58	0001-1008	222417	34.75265625	0.7	1	2.1	0.5	1	120.9	108.9	147.9
2759	ID_58	0002-1043	218470	34.1359375	0.7	1	2	0.5	1	116.4	102.9	144.3
2760	ID_58	0005-1874	219307	34.26671875	0.7	1	2	0.5	1	117.6	103.7	143.3
2761	ID_58	0006-1904	215238	33.6309375	0.7	1	2.1	0.5	1	117.1	101.5	142.2
2770	ID_59	0001-0679	112237	17.53703125	0.7	1	1.7	0.6	1	131.9	60.7	181.6
2771	ID_59	0002-0702	109044	17.038125	0.6	1	2.1	0.5	0.9	133.3	63.8	185.2
2772	ID_59	0004-1176	110505	17.26640625	0.5	1	2.2	0.5	0.9	133.5	60.9	185.8
2773	ID_59	0005-1695	115061	17.97828125	0.6	1	2.1	0.5	0.9	133.6	60.3	185.5
2785	ID_60	0001-0644	26045	4.06953125	0.6	1	2.2	0.4	0.9	71.4	36.9	107.1
2786	ID_60	0002-0713	26664	4.16625	0.6	1	2.2	0.5	0.9	70.9	35.1	108.5
2787	ID_60	0003-0720	26773	4.18328125	0.5	1	2.3	0.4	0.9	70.2	34.5	107.9
2788	ID_60	0004-0721	26423	4.12859375	0.6	1	2.2	0.5	0.9	70.1	35.2	108.5
2789	ID_60	0005-1093	27280	4.2625	0.5	1	2.3	0.4	0.9	70.9	35.9	108.1
2790	ID_60	0006-1092	25740	4.021875	0.5	1	2.4	0.4	0.9	72.7	37.2	108.5
2791	ID_60	0007-1167	26861	4.19703125	0.5	1	2.2	0.4	0.9	71.6	35.2	109.7
2792	ID_60	0008-1184	25724	4.019375	0.6	1	2.3	0.4	0.9	69.4	33.9	106.5
2793	ID_60	0009-1511	25865	4.04140625	0.5	1	2.3	0.4	0.9	68.6	33.5	104.1
2794	ID_60	0010-1544	26106	4.0790625	0.5	1	2.3	0.4	0.9	70.8	35.3	106
2795	ID_60	0011-1618	26654	4.1646875	0.5	1	2.3	0.4	0.9	74.6	39.4	108.6
2796	ID_60	0012-1633	26148	4.085625	0.5	1	2.3	0.4	0.9	73.1	37.9	107.5
2797	ID_60	0013-2050	27470	4.2921875	0.5	1	2.2	0.5	0.9	67.3	31.3	105.1
2798	ID_60	0014-2084	26591	4.15484375	0.5	1	2.2	0.4	0.9	71.8	35.9	107
2799	ID_60	0015-2093	26537	4.14640625	0.6	1	2.3	0.4	0.9	70.7	35.7	105.9
2800	ID_60	0016-2096	26045	4.06953125	0.6	1	2.2	0.4	0.9	71.4	36.9	107.1
2833	ID_61	0001-0991	9315	1.45546875	0.8	1	1	1	1	26.9	22.3	36.9
2834	ID_61	0002-1025	9510	1.4859375	0.9	1	1	1	1	50.1	103.4	26.7
2835	ID_61	0003-1062	9571	1.49546875	0.9	1	1	1	1	54.4	105.3	30.3
2836	ID_61	0004-1071	9315	1.45546875	0.8	1	1	1	1	26.9	22.3	36.9
2837	ID_61	0005-1082	10343	1.61609375	0.8	1	1	1	1	32.4	25.7	90.3
2838	ID_61	0006-1280	10165	1.58828125	0.8	1	1.1	1	1	31.6	25.1	92.8
2839	ID_61	0007-1310	10513	1.64265625	0.9	1	1.1	0.9	1	55.7	24.9	166.8
2840	ID_61	0008-1322	10794	1.6865625	0.8	1	1	1	1	156.2	31.1	183.5
2841	ID_61	0009-1332	10023	1.56609375	0.9	1	1	1	1	29.9	24.2	91
2842	ID_61	0010-1336	9471	1.47984375	0.8	1	1.1	0.9	1	27.6	23	38.3
2843	ID_61	0011-1484	10825	1.69140625	0.8	1	1.1	0.9	1	62.3	24.8	169.4
2844	ID_61	0012-1509	11061	1.72828125	0.8	1	1.1	0.9	1	153.2	30.8	180.1
2845	ID_61	0013-1505	9279	1.44984375	0.9	1	1	1	1	52.6	104.1	26.5
2846	ID_61	0014-1524	10317	1.61203125	0.9	1	1	1	1	30.3	24.2	87.8
2847	ID_61	0015-1524	9307	1.45421875	0.7	1	1	1	1	28.5	23.8	38.4
2848	ID_61	0016-1703	9383	1.46609375	0.9	1	1	1	1	50.8	101.3	26.9
2849	ID_61	0017-1721	9258	1.4465625	0.9	1	1	1	1	51.5	103	28.4
2850	ID_61	0018-1758	11049	1.72640625	0.9	1	1	1	1	56.6	24.8	166.9
2851	ID_61	0019-1766	9367	1.46359375	0.9	1	1	1	1	26.5	21.3	36
2852	ID_61	0020-1773	9294	1.4521875	0.8	1	1	1	1	28	22.9	37.9
2853	ID_61	0021-1998	10298	1.6090625	0.9	1	1	1	1	29.2	22.6	89
2854	ID_61	0022-2042	11122	1.7378125	0.8	1	1	1	1	56.7	26.6	164.3
2855	ID_61	0023-2042	9249	1.44515625	0.9	1	1	1	1	51.6	101.6	29.3
2856	ID_61	0024-2043	9769	1.52640625	0.9	1	1	1	1	50.5	102	25.6
2857	ID_61	0025-2044	10429	1.62953125	0.9	1	1.1	0.9	1	153.9	33.3	182
2908	ID_62	0001-0546	81008	12.6575	0.4	1	5.1	0.2	0.9	100.4	84.8	148.2
2909	ID_62	0002-0638	89086	13.9196875	0.3	1	5.4	0.2	0.8	92.9	74.1	142.1
2910	ID_62	0003-0660	79028	12.348125	0.3	1	5.4	0.2	0.8	100.4	81.6	145.7
2911	ID_62	0004-1507	88739	13.86546875	0.3	1	5.3	0.2	0.8	101.4	82.2	147.4
2912	ID_62	0005-1489	83213	13.00203125	0.4	1	4.8	0.2	0.9	112	93.9	151.9
2913	ID_62	0006-1530	70320	10.9875	0.3	1	5.3	0.2	0.8	89.1	72.4	137.4
2914	ID_62	0007-2457	100986	15.7790625	0.3	1	5.7	0.2	0.8	97	78.6	139.9
2915	ID_62	0008-2417	91825	14.34765625	0.3	1	5.1	0.2	0.8	110.1	92.6	149.5
2916	ID_62	0009-2434	85163	13.30671875	0.3	1	4.8	0.2	0.8	103.2	84.9	145.2
2936	ID_63	0002-0742	54188	8.466875	0.5	1	3.4	0.3	1	22.9	20	75.1
2937	ID_63	0003-0742	52430	8.1921875	0.5	1	3.6	0.3	0.9	20	17.2	74.2
2938	ID_63	0004-0756	51184	7.9975	0.5	1	3.8	0.3	1	21.1	18.7	76.2
2939	ID_63	0005-1421	50580	7.903125	0.5	1	3.5	0.3	1	22.9	20.2	75.7
2940	ID_63	0006-1427	52398	8.1871875	0.5	1	3.4	0.3	0.9	22	19.4	73.8
2941	ID_63	0007-1454	53374	8.3396875	0.5	1	3.4	0.3	1	25.3	22.1	76.1
2942	ID_63	0008-1470	49066	7.6665625	0.5	1	3.8	0.3	1	25.5	23.2	77.6
2943	ID_63	0009-2010	51771	8.08921875	0.5	1	3.4	0.3	1	25.4	23	76.2
2944	ID_63	0010-2087	50792	7.93625	0.5	1	3.4	0.3	0.9	26.3	23.3	77.6
2945	ID_63	0011-2122	54155	8.46171875	0.5	1	3.5	0.3	0.9	22.7	20.1	73.7
2946	ID_63	0012-2178	53550	8.3671875	0.5	1	3.5	0.3	0.9	23.5	21.4	75
2947	ID_63	0013-2761	53441	8.35015625	0.5	1	3.1	0.3	1	25.1	22.4	74.7
2948	ID_63	0014-2777	52730	8.2390625	0.4	1	3	0.3	0.8	24.1	21.7	73.8
2949	ID_63	0015-2788	52578	8.2153125	0.5	1	3.7	0.3	0.9	25.3	22.2	75.8
2950	ID_63	0001-0700	52388	8.185625	0.5	1	3.5	0.3	0.9	25.2	22.8	76.3
2983	ID_64	0001-0588	7661	1.19703125	0.8	1	1.1	0.9	1	28.7	58.3	23.6
2984	ID_64	0002-0601	7888	1.2325	0.9	1	1	1	1	46.3	88.1	21.9
2985	ID_64	0003-0624	8054	1.2584375	0.8	1	1.1	0.9	1	34.5	66.3	28.2
2986	ID_64	0004-0660	9405	1.46953125	0.8	1	1.1	0.9	1	130.1	42.2	90.7
2987	ID_64	0007-0780	10859	1.69671875	0.6	1	1.2	0.9	0.9	62.2	28.1	158.4
2988	ID_64	0008-0818	9379	1.46546875	0.6	1	1.1	0.9	0.9	47.7	38.9	110.8
2989	ID_64	0009-0841	10042	1.5690625	0.8	1	1.1	0.9	1	44.8	38.7	114.4
2990	ID_64	0010-0849	9621	1.50328125	0.7	1	1	1	1	26.4	18.3	86.7
2991	ID_64	0011-0990	11092	1.733125	0.7	1	1.2	0.9	0.9	146.2	32.2	172.7
2992	ID_64	0012-1015	10176	1.59	0.8	1	1	1	1	94.2	30.3	48.1
2993	ID_64	0013-1027	10390	1.6234375	0.8	1	1	1	0.9	62.5	24.7	161.6
2994	ID_64	0014-1052	9388	1.466875	0.7	1	1.1	0.9	1	23	16.9	80.8
2995	ID_64	0015-1239	9465	1.47890625	0.7	1	1.1	0.9	1	32.4	24.1	90.7
2996	ID_64	0016-1241	9434	1.4740625	0.8	1	1.1	0.9	1	96.5	29.5	46.4
2997	ID_64	0017-1260	10042	1.5690625	0.7	1	1.1	0.9	0.9	60.2	25.4	155.9
2998	ID_64	0018-1283	9031	1.41109375	0.8	1	1.1	0.9	1	131.9	40.2	89.8
2999	ID_64	0019-1434	10109	1.57953125	0.8	1	1.1	0.9	1	100.4	29.7	51.7
3000	ID_64	0020-1452	9682	1.5128125	0.8	1	1.1	0.9	1	48.4	40.2	110.1
3001	ID_64	0021-1481	8462	1.3221875	0.9	1	1.1	0.9	1	50.7	92.3	21.2
3002	ID_64	0022-1534	9731	1.52046875	0.8	1	1.1	0.9	1	48.4	41.2	114.1
3003	ID_64	0023-1652	10819	1.69046875	0.8	1	1.2	0.8	1	63.9	27.8	159.8
3004	ID_64	0024-1670	10457	1.63390625	0.7	1	1.1	0.9	1	149.4	29.5	174.5
3005	ID_64	0025-1691	8800	1.375	0.9	1	1.2	0.8	1	52.5	94.7	24
3006	ID_64	0026-1730	8647	1.35109375	0.9	1	1	1	1	51.9	95	23.4
3007	ID_64	0027-1929	10343	1.61609375	0.8	1	1.1	0.9	1	62.5	26.7	159.8
3008	ID_64	0028-1931	9248	1.445	0.8	1	1.1	0.9	1	130.5	42.2	88.9
3009	ID_64	0029-1968	9244	1.444375	0.9	1	1.1	0.9	1	47.1	40.5	113.6
3010	ID_64	0030-1995	7795	1.21796875	0.9	1	1.2	0.8	1	34.6	64.8	28.2
3067	ID_65	0001-0604	20997	3.28078125	0.7	1	1.7	0.6	0.9	57.6	46.9	139
3068	ID_65	0002-0614	16633	2.59890625	0.7	1	1.6	0.6	0.9	82.1	42	59.1
3069	ID_65	0003-0636	21333	3.33328125	0.6	1	1.6	0.6	0.9	56.5	44.2	136.9
3070	ID_65	0004-0631	20584	3.21625	0.7	1	1.5	0.7	0.9	111.7	59.8	151.4
3071	ID_65	0005-0636	22258	3.4778125	0.7	1	1.6	0.6	0.9	54.7	42.7	138.1
3072	ID_65	0006-0871	13378	2.0903125	0.4	1	2	0.5	0.8	129.6	91.7	154.6
3073	ID_65	0007-0891	20385	3.18515625	0.6	1	1.7	0.6	0.9	126.6	58	152.3
3074	ID_65	0008-0887	19827	3.09796875	0.6	1	1.6	0.6	0.9	54.2	43.3	136.3
3075	ID_65	0009-0901	21701	3.39078125	0.7	1	1.5	0.7	0.9	110.4	58.7	151.2
3076	ID_65	0010-0923	21616	3.3775	0.7	1	1.6	0.6	0.9	58.1	45.8	137.1
3077	ID_65	0011-1150	16407	2.56359375	0.7	1	1.9	0.5	0.9	81	43.6	59.7
3078	ID_65	0012-1162	20016	3.1275	0.7	1	1.5	0.7	0.9	129	60.4	153.1
3079	ID_65	0013-1173	16122	2.5190625	0.7	1	1.9	0.5	0.9	82.8	44.9	61.1
3080	ID_65	0014-1186	20110	3.1421875	0.7	1	1.4	0.7	0.9	111	57.1	151.3
3081	ID_65	0015-1193	15920	2.4875	0.7	1	1.7	0.6	0.9	81.5	43.1	58.3
3082	ID_65	0016-1420	20854	3.2584375	0.7	1	1.5	0.7	0.9	110.1	55.3	151
3083	ID_65	0017-1433	20167	3.15109375	0.7	1	1.6	0.6	0.9	126.1	58.3	148.2
3084	ID_65	0018-1420	11769	1.83890625	0.4	1	2	0.5	0.7	130.7	91.7	154.6
3085	ID_65	0019-1448	20427	3.19171875	0.7	1	1.6	0.6	0.9	127.1	56.7	150.1
3086	ID_65	0020-1475	16787	2.62296875	0.6	1	1.8	0.5	0.9	79.3	40.4	54.9
3087	ID_65	0021-1706	14005	2.18828125	0.4	1	1.7	0.6	0.8	129.4	89.3	153.3
3088	ID_65	0022-1723	19758	3.0871875	0.7	1	1.5	0.7	0.9	108.7	54.7	148.3
3089	ID_65	0023-1726	19366	3.0259375	0.8	1	1.6	0.6	1	107.7	55.1	148.5
3090	ID_65	0024-1756	20031	3.12984375	0.7	1	1.4	0.7	0.9	58.1	45.9	134.2
3091	ID_65	0025-1777	18765	2.93203125	0.6	1	1.8	0.6	0.9	56.8	45.8	133.2
3143	ID_66	0002-0883	14676	2.293125	0.8	1	1.1	0.9	1	132.4	62.4	105
3144	ID_66	0003-0897	14796	2.311875	0.8	1	1.3	0.8	1	135	65.7	108.2
3145	ID_66	0004-0902	12612	1.970625	0.7	1	1.3	0.8	0.9	139	39.6	173.2
3146	ID_66	0005-1205	16221	2.53453125	0.7	1	1.1	0.9	0.9	131.1	61.4	102.6
3147	ID_66	0006-1235	15993	2.49890625	0.8	1	1.5	0.7	1	77.3	103.2	98.3
3148	ID_66	0007-1287	13937	2.17765625	0.7	1	1.2	0.8	0.9	134.8	65.6	107.6
3149	ID_66	0008-1321	12998	2.0309375	0.8	1	1.1	0.9	1	140.9	45.9	171.4
3150	ID_66	0009-1534	11377	1.77765625	0.9	1	1.2	0.9	1	78.8	102.9	99.9
3151	ID_66	0010-1550	9459	1.47796875	0.8	1	1.1	0.9	1	92.5	101.2	152.9
3152	ID_66	0011-1612	12694	1.9834375	0.8	1	1.2	0.9	1	137.6	42.7	169.7
3153	ID_66	0012-1634	13311	2.07984375	0.9	1	1.2	0.8	1	79.5	104	100.6
3154	ID_66	0013-1915	13812	2.158125	0.7	1	1.2	0.8	0.9	128.9	64	103
3155	ID_66	0014-1964	13976	2.18375	0.7	1	1.4	0.7	0.9	144.3	44.9	178.4
3156	ID_66	0015-1977	15710	2.4546875	0.9	1	1.1	0.9	1	75.3	100.7	94.3
3157	ID_66	0001-0784	8903	1.39109375	0.9	1	1	1	1	77.3	103.3	97.4
3190	ID_67	0001-0932	25467	3.97921875	0.6	1	1.5	0.7	0.9	83.9	52	117.5
3191	ID_67	0002-0965	28712	4.48625	0.5	1	1.3	0.8	0.9	82	48.9	109.5
3192	ID_67	0003-0952	20793	3.24890625	0.7	1	1.4	0.7	0.9	81.8	46.2	111.1
3193	ID_67	0004-0990	23759	3.71234375	0.6	1	1.5	0.7	0.9	78.2	47.1	114.8
3194	ID_67	0005-1313	19969	3.12015625	0.7	1	1.4	0.7	0.9	79.6	43.1	113.2
3195	ID_67	0006-1332	28673	4.48015625	0.7	1	1.4	0.7	0.9	80.2	46.4	117.7
3196	ID_67	0007-1403	26875	4.19921875	0.7	1	1.4	0.7	0.9	78.6	43.3	110.4
3197	ID_67	0008-1480	22533	3.52078125	0.7	1	1.4	0.7	0.9	79.8	44.6	110.1
3198	ID_67	0009-1743	24114	3.7678125	0.7	1	1.4	0.7	0.9	76.2	43.5	114.9
3199	ID_67	0010-1750	23368	3.65125	0.7	1	1.4	0.7	0.9	80	49.5	117.3
3200	ID_67	0011-1815	21929	3.42640625	0.5	1	1.2	0.8	0.9	82.7	46.1	116.1
3201	ID_67	0012-1826	20158	3.1496875	0.7	1	1.2	0.8	0.9	80.4	46.6	115.6
3202	ID_67	0013-2169	24368	3.8075	0.6	1	1.7	0.6	0.9	81.8	49	117.1
3203	ID_67	0014-2180	17755	2.77421875	0.6	1	1.7	0.6	0.9	79.8	44.5	115.8
3204	ID_67	0015-2197	21733	3.39578125	0.7	1	1.3	0.8	0.9	79.7	45.8	111.5
3205	ID_67	0016-2205	22821	3.56578125	0.7	1	1.3	0.7	0.9	82.8	46.6	117.7
3238	ID_68	0001-0333	105969	16.55765625	0.5	1	2.1	0.5	0.8	69.6	87.9	103.1
3239	ID_68	0002-0424	134093	20.95203125	0.4	1	2.4	0.4	0.8	63.1	86.2	87.9
3240	ID_68	0003-0442	122905	19.20390625	0.4	1	2.2	0.4	0.8	65.3	88.1	92.7
3241	ID_68	0004-1313	115613	18.06453125	0.5	1	2.3	0.4	0.9	70.9	89.5	99.5
3242	ID_68	0005-1351	136162	21.2753125	0.4	1	2.4	0.4	0.8	66.2	88.6	90.7
3243	ID_68	0006-1386	119692	18.701875	0.4	1	2.3	0.4	0.9	71.6	89.5	99.3
3244	ID_68	0007-2157	109848	17.16375	0.4	1	2.2	0.5	0.8	68.1	88.8	94.3
3245	ID_68	0008-2190	111481	17.41890625	0.5	1	2.2	0.5	0.9	70.5	86.1	96.3
3262	ID_69	0001-0628	146496	22.89	0.5	1	2.9	0.4	0.9	62.4	53.3	72.7
3263	ID_69	0002-0606	131848	20.60125	0.4	1	2.7	0.4	0.9	64.2	54.8	73.9
3264	ID_69	0003-0645	138367	21.61984375	0.5	1	3.1	0.3	0.9	62	52.6	76
3265	ID_69	0004-0664	145853	22.78953125	0.4	1	2.6	0.4	1	67.6	57.9	77.6
3266	ID_69	0005-1550	125340	19.584375	0.5	1	2.1	0.5	0.9	65.7	55.1	76.4
3267	ID_69	0006-1615	125212	19.564375	0.5	1	2.2	0.5	0.9	63.6	53.3	72.6
3268	ID_69	0007-1678	146522	22.8940625	0.3	1	2.4	0.4	0.9	59.1	50.7	69.3
3269	ID_69	0009-1730	129497	20.23390625	0.4	1	2.3	0.4	1	59.6	49.2	72.7
3270	ID_69	0010-2573	147427	23.03546875	0.4	1	2.8	0.4	0.9	56	45.8	70.1
3271	ID_69	0011-2586	143091	22.35796875	0.4	1	2.7	0.4	0.9	64.3	54.3	75
3272	ID_69	0012-2580	133941	20.92828125	0.4	1	2.6	0.4	0.9	72.3	60.8	84.5
3273	ID_69	0013-2614	142899	22.32796875	0.4	1	2.8	0.4	1	69	59.8	79.1
3298	ID_70	0001-0535	116941	18.27203125	0.7	1	1.5	0.7	1	170	157.3	186.3
3299	ID_70	0002-0542	124929	19.52015625	0.7	1	1.5	0.7	1	168.9	160.2	186.4
3300	ID_70	0003-0571	127954	19.9928125	0.7	1	1.4	0.7	1	171.2	159	183.5
3301	ID_70	0004-1260	125797	19.65578125	0.7	1	1.5	0.7	1	171.2	157	186.5
3302	ID_70	0005-1374	116909	18.26703125	0.7	1	1.6	0.6	1	168.8	156.9	184.3
3303	ID_70	0006-1421	127975	19.99609375	0.6	1	1.5	0.7	1	171.2	156.3	181.9
3304	ID_70	0009-2056	123684	19.325625	0.7	1	1.6	0.6	1	167.1	155.3	183.1
3305	ID_70	0010-2180	122173	19.08953125	0.7	1	1.5	0.7	1	168	152.7	178.6
3306	ID_70	0012-2193	119072	18.605	0.7	1	1.5	0.7	1	167.8	152.5	182.7
3325	ID_71	0001-0897	10405	1.62578125	0.7	1	1.3	0.8	1	51.9	37.2	148.8
3326	ID_71	0002-0916	11056	1.7275	0.7	1	1.3	0.8	0.9	120.9	17	158
3327	ID_71	0003-0929	8672	1.355	0.7	1	1.6	0.6	1	16.7	11.5	66.3
3328	ID_71	0004-0940	10386	1.6228125	0.6	1	1.4	0.7	0.9	44	14.4	142.5
3329	ID_71	0005-0939	10022	1.5659375	0.6	1	1.3	0.7	0.9	115.6	14.8	151.7
3330	ID_71	0006-1255	9418	1.4715625	0.8	1	1.4	0.7	1	23.7	14.8	111.2
3331	ID_71	0007-1282	8376	1.30875	0.8	1	1.7	0.6	1	61.4	14.6	25.3
3332	ID_71	0008-1284	8149	1.27328125	0.7	1	1.5	0.7	1	54.4	37.3	141.1
3333	ID_71	0009-1295	9335	1.45859375	0.8	1	1.4	0.7	1	117.5	16.5	152.6
3334	ID_71	0010-1302	7649	1.19515625	0.8	1	1.6	0.6	1	16.5	11.9	71.6
3335	ID_71	0011-1534	8588	1.341875	0.7	1	1.4	0.7	1	53.5	14.3	22.3
3336	ID_71	0012-1552	9064	1.41625	0.8	1	1.4	0.7	1	23.4	13.8	113.8
3337	ID_71	0013-1556	8442	1.3190625	0.8	1	1.5	0.7	1	26.3	15.8	116.1
3338	ID_71	0014-1564	10335	1.61484375	0.7	1	1.3	0.8	0.9	43.5	15.5	140.2
3339	ID_71	0015-1569	9283	1.45046875	0.7	1	1.4	0.7	1	50.9	34.9	140.7
3340	ID_71	0016-1838	10020	1.565625	0.7	1	1.5	0.7	1	19.6	14.3	73.6
3341	ID_71	0017-1837	8616	1.34625	0.7	1	1.4	0.7	1	55.7	14.3	23
3342	ID_71	0018-1834	8754	1.3678125	0.9	1	1.4	0.7	1	14.4	10	63.1
3343	ID_71	0019-1845	10175	1.58984375	0.8	1	1.3	0.8	1	116.4	13.3	151.9
3344	ID_71	0020-1848	9003	1.40671875	0.8	1	1.3	0.7	1	56	14.9	23.5
3345	ID_71	0021-2123	9706	1.5165625	0.7	1	1.4	0.7	1	55	39.6	140.4
3346	ID_71	0022-2145	10393	1.62390625	0.8	1	1.4	0.7	1	48.4	34.2	142.2
3347	ID_71	0023-2155	8270	1.2921875	0.7	1	1.5	0.7	0.9	17.1	12.3	63.7
3348	ID_71	0024-2162	9040	1.4125	0.8	1	1.4	0.7	1	56.6	18.7	27.2
3349	ID_71	0025-2201	8507	1.32921875	0.8	1	1.5	0.7	1	18.4	14.7	63.6
3400	ID_72	0001-0796	51467	8.04171875	0.8	1	1.1	0.9	1	120	132.4	105.2
3401	ID_72	0002-0804	50783	7.93484375	0.8	1	1.1	0.9	1	111.7	124.2	95.9
3402	ID_72	0003-0819	44346	6.9290625	0.5	1	1.1	0.9	0.9	145.5	106	169.5
3403	ID_72	0004-0830	53416	8.34625	0.8	1	1	1	1	107.8	117.5	99.2
3404	ID_72	0005-1285	45793	7.15515625	0.6	1	1.1	0.9	0.9	152	111.8	174.4
3405	ID_72	0006-1323	51616	8.065	0.8	1	1	1	1	111.8	119.9	100.7
3406	ID_72	0007-1352	48521	7.58140625	0.6	1	1.1	1	0.9	156.4	115.6	179
3407	ID_72	0008-1372	51474	8.0428125	0.8	1	1.1	0.9	1	99.7	112.7	155.1
3408	ID_72	0009-1869	53890	8.4203125	0.7	1	1	1	1	107.4	115.8	94.2
3409	ID_72	0010-1872	43879	6.85609375	0.6	1	1.1	0.9	0.9	144.7	101.7	167.9
3410	ID_72	0011-1898	53544	8.36625	0.8	1	1.1	0.9	1	120.1	127.7	110
3411	ID_72	0012-1906	52046	8.1321875	0.8	1	1.1	0.9	1	101.7	115.9	159.9
3412	ID_72	0013-2461	57547	8.99171875	0.7	1	1.1	1	1	135.5	67.1	126.1
3413	ID_72	0014-2470	44045	6.88203125	0.5	1	1.1	0.9	0.9	149.7	104.8	173.8
3414	ID_72	0015-2484	54490	8.5140625	0.7	1	1.1	0.9	1	127.7	58.4	116.6
3415	ID_72	0016-2507	53487	8.35734375	0.8	1	1	1	1	119.4	126.1	110.8
3448	ID_73	0001-0490	285897	44.67140625	0.4	1	2	0.5	0.9	106.8	33.4	153.2
3449	ID_73	0002-0513	319689	49.95140625	0.4	1	1.8	0.6	0.9	106.9	30	151.3
3450	ID_73	0004-1408	321919	50.29984375	0.4	1	2.2	0.5	0.9	121	36.1	162.9
3451	ID_73	0005-1480	337410	52.7203125	0.5	1	1.8	0.6	1	115.1	33.8	158.2
3452	ID_73	0006-2510	328087	51.26359375	0.6	1	1.7	0.6	0.9	115.6	33.6	161.1
3453	ID_73	0007-2553	340710	53.2359375	0.4	1	1.9	0.5	0.9	118.9	36.5	162.4
3466	ID_74	0001-0618	11378	1.7778125	0.7	1	1.2	0.8	0.9	36.8	24.5	124.7
3467	ID_74	0002-0688	12415	1.93984375	0.7	1	1.2	0.8	0.9	48.2	23.2	133.8
3468	ID_74	0003-0696	12377	1.93390625	0.8	1	1.3	0.8	0.9	40.3	27.7	122.5
3469	ID_74	0004-0727	13373	2.08953125	0.8	1	1.1	0.9	1	106.1	20.8	140.8
3470	ID_74	0005-0963	8850	1.3828125	0.7	1	1.3	0.8	0.9	18.9	16.7	26
3471	ID_74	0006-0980	8363	1.30671875	0.8	1	1.3	0.8	0.9	19.8	17.6	27.3
3472	ID_74	0007-1009	13815	2.15859375	0.8	1	1.1	0.9	1	107.7	21	142.3
3473	ID_74	0008-1055	11959	1.86859375	0.8	1	1.1	0.9	1	107.3	20.9	140
3474	ID_74	0009-1234	9732	1.520625	0.8	1	1.3	0.7	1	51.3	18	25.8
3475	ID_74	0010-1261	11326	1.7696875	0.8	1	1.2	0.9	0.9	38.1	25.1	124.4
3476	ID_74	0011-1356	13409	2.09515625	0.8	1	1.1	0.9	1	102.2	21.2	136.5
3477	ID_74	0012-1359	9224	1.44125	0.6	1	1.3	0.8	0.9	21.9	17.1	29.5
3478	ID_74	0013-1584	11326	1.7696875	0.8	1	1.1	0.9	1	104.3	19.5	135.7
3479	ID_74	0014-1615	11211	1.75171875	0.8	1	1.2	0.8	1	36.6	23.8	121.7
3480	ID_74	0015-1643	12098	1.8903125	0.8	1	1.4	0.7	1	35.1	23.2	121.3
3481	ID_74	0016-1664	11910	1.8609375	0.8	1	1.2	0.9	1	45.1	20.3	128.5
3514	ID_75	0001-0764	106484	16.638125	0.6	1	2	0.5	1	111.8	105.8	168.1
3515	ID_75	0002-0781	111196	17.374375	0.6	1	1.7	0.6	1	113.4	107	173.8
3516	ID_75	0003-1350	115684	18.075625	0.6	1	1.9	0.5	0.9	112	105.7	166.7
3517	ID_75	0004-1912	113263	17.69734375	0.5	1	1.9	0.5	1	111.2	104.6	165.8
3518	ID_75	0005-1906	105833	16.53640625	0.6	1	1.6	0.6	1	103.1	97.3	157.3
